Parameter	Posterior Mean	Posterior Variance	a_post	b_post
R/theta	0.261564	3.27859e-06	20867.5	79779.5
1/delta	0.00412611	8.15719e-10	20870.9	5.05825e+06
nu	0.0121083	2.39423e-09	61234.7	5.05727e+06
3528_ERX556762_ST779	5.76055e-05	8.11057e-11	40.9145	710252
4484_SRX887117_ST752	1.61406e-05	2.27063e-11	11.4734	710840
2972_ERX490321_ST712	9.58472e-05	1.34971e-10	68.0643	710133
28339_ERX139321_ST49	7.95007e-05	1.1193e-10	56.4671	710272
17786_SRX2219221_ST901	7.58834e-05	1.06838e-10	53.8974	710267
12242_ERX1269074_ST3786	6.01652e-05	8.46817e-11	42.7466	710487
1340_ERX186342_ST3124	4.1599e-05	5.85362e-11	29.5625	710654
4279_SRX477010_ST3869	7.58515e-05	1.06836e-10	53.8533	709984
2838_ERX490159_ST2150	0.000108339	1.52688e-10	76.8715	709546
1707_ERX221189_ST1247	2.0162e-05	2.83648e-11	14.3314	710811
596_ERX110374_ST2274	8.10416e-06	1.13999e-11	5.76124	710899
2615_ERX455889_ST1743	6.76508e-06	9.5161e-12	4.80935	710909
2965_ERX490314_ST3058	0.000103955	1.47264e-10	73.3829	705911
1974_ERX328680_ST3129	6.13898e-05	8.64198e-11	43.6093	710367
5779_ERX1285998_ST509	0.00172002	2.71294e-09	1090.5	634006
2662_ERX455939_ST2011	0.000107563	1.51527e-10	76.3553	709863
5382_ERX110848_ST3315	7.9317e-05	1.11676e-10	56.3343	710243
1522_ERX209321_ST3130	3.07169e-05	4.32281e-11	21.8267	710576
21788_ERX284165_ST599	4.12525e-05	5.80528e-11	29.3142	710603
1710_ERX221193_ST352	0.00017094	2.41054e-10	121.219	709134
589_ERX110364_ST9	0.000137573	1.93821e-10	97.6485	709794
2550_ERX360772_ST772	0.000973454	1.46887e-09	645.131	662724
1395_ERX186596_ST1582	1.74245e-05	2.45133e-11	12.3857	710819
17986_SRX456475_ST93	0.00207219	3.44786e-09	1245.41	601008
1781_ERX267672_ST890	0.0012733	1.93204e-09	839.159	659044
7815_ERX385233_ST3469	6.11336e-05	8.60992e-11	43.4071	710037
4127_SRX1051438_ST3351	4.02765e-05	5.66863e-11	28.6172	710517
1708_ERX221191_ST3134	3.49181e-05	4.91316e-11	24.8165	710705
4019_SRX1051322_ST125	4.65577e-05	6.55226e-11	33.082	710560
3509_ERX556743_ST3811	2.28435e-05	3.21381e-11	16.237	710792
10730_SRX864954_ST10	0.00245189	3.93919e-09	1526.14	622435
7864_ERX385303_ST3442	3.75862e-05	5.28874e-11	26.7119	710684
7955_ERX385461_ST2255	3.62436e-05	5.09975e-11	25.7581	710694
3260_ERX552100_ST1649	3.57458e-05	5.03088e-11	25.3984	710528
4101_SRX1051412_ST15	3.60365e-05	5.07175e-11	25.6051	710533
3024_ERX490383_ST3615	1.39367e-05	1.96113e-11	9.904	710644
522_ERX105445_ST2916	1.48083e-05	2.08318e-11	10.5265	710851
3017_ERX490372_ST3616	9.25312e-05	1.30275e-10	65.7228	710277
12225_ERX1269028_ST3785	6.76523e-06	9.51632e-12	4.80947	710909
440_ERX1033578_ST146	6.97234e-05	9.81828e-11	49.5133	710139
4055_SRX1051363_ST3436	2.0163e-05	2.83662e-11	14.3321	710811
12289_ERX1269140_ST3791	9.4466e-06	1.32884e-11	6.71549	710890
3566_ERX556803_ST3763	9.73716e-05	1.37109e-10	69.1509	710175
15194_ERX385344_ST3453	2.82063e-05	3.96851e-11	20.0477	710753
6283_ERX152041_ST3087	3.89193e-05	5.47639e-11	27.6589	710674
22903_ERX197834_ST2898	5.50157e-05	7.74262e-11	39.0918	710557
2897_ERX490232_ST1218	4.80019e-05	6.75775e-11	34.0969	710324
1183_ERX152080_ST3112	8.67721e-05	1.22169e-10	61.6309	710262
408_ERX1033538_ST3649	3.35341e-05	4.71841e-11	23.8329	710708
2640_ERX455914_ST2675	0.00011395	1.60504e-10	80.8988	709951
23100_SRX1051502_ST361	0.000933329	1.39362e-09	625.063	669714
30262_ERX221156_ST1073	0.00126489	2.00064e-09	799.723	632245
4169_SRX1051483_ST123	2.28435e-05	3.21381e-11	16.237	710792
30271_ERX221179_ST1074	2.01549e-05	2.83549e-11	14.3263	710809
1897_ERX284121_ST3102	5.23209e-05	7.36317e-11	37.1779	710575
14448_ERX204858_ST3310	1.88287e-05	2.64886e-11	13.3838	710822
2951_ERX490299_ST3721	0.000104996	1.47883e-10	74.546	709991
17757_SRX2219177_ST26	5.36637e-05	7.55225e-11	38.1315	710565
1512_ERX209308_ST3114	5.3648e-05	7.55006e-11	38.1203	710564
4228_SRX1051547_ST3458	6.08445e-05	8.56514e-11	43.2223	710374
1706_ERX221188_ST3127	4.96436e-05	6.98619e-11	35.2765	710595
3905_ERX979780_ST611	8.4509e-05	1.1897e-10	60.0301	710339
15208_ERX385388_ST333	3.89082e-05	5.47485e-11	27.6509	710671
3704_ERX910051_ST1290	0.0010023	1.50565e-09	667.225	665692
2430_ERX359416_ST3138	6.2133e-05	8.74644e-11	44.1381	710380
12284_ERX1269132_ST3790	2.01584e-05	2.83598e-11	14.3288	710811
3724_ERX926274_ST3894	4.09015e-06	5.75325e-12	2.90781	710929
981_ERX1492888_ST1581	4.08334e-06	5.74367e-12	2.90296	710928
4242_SRX1051561_ST3452	5.76052e-05	8.10745e-11	40.9297	710521
2713_ERX470614_ST2490	0.000141077	1.98859e-10	100.085	709433
1663_ERX221133_ST71	6.84087e-05	9.62883e-11	48.6014	710457
6782_ERX197833_ST2934	5.76798e-05	8.1178e-11	40.9835	710535
4278_SRX477009_ST72	5.32968e-05	7.50248e-11	37.8615	710390
2698_ERX460160_ST3092	8.30372e-05	1.16927e-10	58.97	710163
990_ERX1492898_ST2460	0.0014302	2.17675e-09	939.692	657035
1291_ERX186293_ST3132	0.000182074	2.56912e-10	129.037	708703
831_ERX139238_ST3123	8.09184e-05	1.13966e-10	57.4536	710019
4183_SRX1051497_ST946	8.77794e-05	1.23593e-10	62.3436	710230
624_ERX110422_ST229	1.21301e-05	1.70637e-11	8.62293	710871
23940_ERX1033551_ST2766	0.000131382	1.85184e-10	93.211	709467
435_ERX1033572_ST3061	4.05384e-05	5.70555e-11	28.8029	710508
756_ERX132283_ST2014	3.11011e-05	4.37678e-11	22.1003	710594
3074_ERX551145_ST3772	2.017e-05	2.83759e-11	14.337	710812
15046_ERX376412_ST2417	5.66232e-05	7.97049e-11	40.2258	710411
12063_ERX113973_ST232	4.02614e-05	5.66532e-11	28.6123	710664
29940_SRX2147155_ST923	4.17685e-05	5.87847e-11	29.678	710534
6775_ERX197772_ST3141	4.56162e-05	6.42051e-11	32.4092	710476
7808_ERX385188_ST3456	2.55251e-05	3.59118e-11	18.1425	710772
2785_ERX470730_ST121	0.000199381	2.81228e-10	141.355	708967
39625_ERX460155_ST2767	0.00151484	2.30456e-09	995.741	657324
3229_ERX552062_ST1016	4.29385e-05	6.04219e-11	30.514	710644
8018_ERX385531_ST3074	4.0633e-05	5.71857e-11	28.8715	710544
2800_ERX470745_ST1797	5.90105e-05	8.3052e-11	41.9283	710524
1488_ERX197824_ST2899	2.68617e-05	3.77928e-11	19.0923	710762
2378_ERX359340_ST3090	6.0701e-05	8.54478e-11	43.1212	710386
982_ERX1492889_ST692	0.000119165	1.6874e-10	84.1553	706205
4050_SRX1051358_ST1693	2.15011e-05	3.02491e-11	15.283	710801
4120_SRX1051431_ST188	6.19792e-05	8.72469e-11	44.0293	710389
14479_ERX212185_ST3349	8.78196e-05	1.23673e-10	62.3602	710094
12260_ERX1269101_ST3806	8.10693e-06	1.14038e-11	5.76322	710899
883_ERX139300_ST3106	9.92203e-05	1.39703e-10	70.4686	710224
341_ERX094780_ST22	6.76753e-06	9.51954e-12	4.8111	710909
4277_SRX477008_ST1564	7.1253e-05	1.00315e-10	50.6104	710290
839_ERX139247_ST3097	9.11375e-05	1.28312e-10	64.733	710279
3089_ERX551161_ST3805	2.28345e-05	3.21256e-11	16.2305	710789
37980_ERX152017_ST446	4.94547e-05	6.95991e-11	35.1409	710566
260_ERX067791_ST1352	6.0203e-05	8.47476e-11	42.7669	710379
23982_ERX1033583_ST2682	8.6973e-05	1.22488e-10	61.7555	710054
4034_SRX1051339_ST1534	4.82638e-05	6.79462e-11	34.2829	710324
1324_ERX186326_ST3111	3.38865e-05	4.7688e-11	24.0793	710587
6076_ERX139448_ST219	1.74786e-05	2.4589e-11	12.4243	710830
2958_ERX490306_ST3044	3.09665e-05	4.35888e-11	21.9993	710423
1162_ERX152056_ST3109	5.90227e-05	8.3069e-11	41.9372	710526
18301_SRX791926_ST3170	7.9391e-05	1.11856e-10	56.3487	709761
23709_ERX385162_ST3559	4.56295e-05	6.42103e-11	32.4255	710626
34641_SRX866194_ST425	7.54831e-05	1.063e-10	53.6	710093
12194_ERX1268913_ST737	6.6859e-05	9.41407e-11	47.4834	710203
621_ERX110417_ST149	7.51107e-05	1.05821e-10	53.3128	709790
6210_ERX139609_ST2391	1.61423e-05	2.27088e-11	11.4746	710841
7945_ERX385448_ST3459	6.84097e-05	9.62897e-11	48.6022	710457
418_ERX1033553_ST2328	0.00116638	1.75002e-09	777.383	666494
1809_ERX275992_ST3094	5.90253e-05	8.30726e-11	41.939	710526
6920_ERX209541_ST3348	2.40042e-05	3.3773e-11	17.061	710751
7936_ERX385430_ST3430	6.74385e-05	9.496e-11	47.8934	710179
23668_ERX385214_ST3532	5.35739e-05	7.53978e-11	38.0669	710550
433_ERX1033570_ST2377	1.83177e-05	2.57767e-11	13.017	710627
17804_SRX2219480_ST338	8.33737e-05	1.17389e-10	59.2149	710234
40654_ERX110372_ST20	7.11809e-05	1.00214e-10	50.559	710290
6005_ERX139357_ST2161	1.21277e-05	1.70604e-11	8.62126	710870
7814_ERX385218_ST3457	4.00016e-05	5.62908e-11	28.4261	710624
614_ERX110407_ST36	1.68623e-05	2.37326e-11	11.9808	710509
4000_SRX1051301_ST250	1.21254e-05	1.70572e-11	8.6196	710870
11786_ERX110650_ST2440	1.88319e-05	2.64932e-11	13.3862	710822
3630_ERX589416_ST3692	0.000189458	2.67302e-10	134.283	708777
12322_ERX1269223_ST2626	5.22049e-05	7.34857e-11	37.0868	710408
679_ERX120724_ST227	2.3975e-05	3.37445e-11	17.0339	710487
12404_ERX1269490_ST3795	9.44668e-06	1.32885e-11	6.71555	710890
27072_ERX376432_ST2438	6.35286e-05	8.94321e-11	45.1279	710355
19688_ERX359456_ST3140	0.000106711	1.50353e-10	75.7365	709736
4234_SRX1051553_ST1153	0.00123729	1.88354e-09	812.777	656899
12101_ERX116909_ST3359	1.21287e-05	1.70617e-11	8.62192	710870
2626_ERX455900_ST2639	0.000274434	3.89333e-10	193.444	704883
27031_ERX376440_ST2439	4.8691e-05	6.85348e-11	34.5928	710456
599_ERX110382_ST1207	0.000104366	1.4933e-10	72.9411	698896
4052_SRX1051360_ST3467	3.08893e-05	4.34611e-11	21.954	710734
3032_ERX490399_ST3137	0.000116223	1.63729e-10	82.5012	709851
1182_ERX152079_ST3110	6.32865e-05	8.90887e-11	44.9572	710376
7879_ERX385327_ST95	0.000103155	1.4534e-10	73.2138	709747
1372_ERX186568_ST1586	1.34632e-05	1.89393e-11	9.57045	710860
2598_ERX455872_ST3119	2.95494e-05	4.15754e-11	21.0021	710743
6861_ERX209423_ST3346	2.01683e-05	2.83736e-11	14.3358	710812
20075_ERX212124_ST3096	2.01669e-05	2.83716e-11	14.3348	710812
40373_SRX2122523_ST225	1.48078e-05	2.08311e-11	10.5262	710851
6855_ERX209409_ST3344	1.61417e-05	2.27079e-11	11.4742	710840
2352_ERX359308_ST3716	4.69657e-05	6.60916e-11	33.3746	710615
2761_ERX470705_ST2430	9.14041e-05	1.28764e-10	64.884	709858
1752_ERX267641_ST1958	9.44636e-05	1.33052e-10	67.0667	709973
4204_SRX1051522_ST39	5.50199e-05	7.7432e-11	39.0948	710558
7111_ERX276099_ST216	2.1503e-05	3.02517e-11	15.2843	710802
2458_ERX359449_ST3117	7.3194e-05	1.03042e-10	51.9921	710333
7930_ERX385418_ST1532	3.08926e-05	4.34658e-11	21.9564	710734
3322_ERX552176_ST80	0.00101892	1.53367e-09	676.939	664368
4283_SRX477016_ST3812	3.53404e-05	4.97373e-11	25.1108	710541
600_ERX110385_ST2031	2.15057e-05	3.02555e-11	15.2863	710802
870_ERX139284_ST1957	5.71635e-05	8.04815e-11	40.6015	710269
1583_ERX212094_ST1709	2.48533e-05	3.4971e-11	17.6628	710683
39019_ERX209354_ST3103	4.29495e-05	6.04374e-11	30.5219	710645
1799_ERX267690_ST254	6.59446e-05	9.2854e-11	46.8337	710197
4094_SRX1051405_ST291	4.29316e-05	6.04123e-11	30.509	710643
14614_ERX276156_ST3317	1.48101e-05	2.08343e-11	10.5278	710851
31743_ERX490292_ST3720	8.83402e-05	1.24374e-10	62.7462	710278
8017_ERX385530_ST3446	3.11116e-05	4.37831e-11	22.1074	710585
3090_ERX551162_ST3767	6.70703e-05	9.4403e-11	47.6512	710467
1338_ERX186340_ST3108	4.41491e-05	6.21283e-11	31.3728	710611
5771_ERX1285972_ST2569	0.00124239	1.98937e-09	775.886	624512
4501_SRX887142_ST1232	4.15577e-05	5.84787e-11	29.5328	710646
23955_ERX1033561_ST2849	5.82478e-05	8.2008e-11	41.3716	710269
20348_SRX476963_ST109	5.33069e-05	7.5062e-11	37.857	710171
14494_ERX212212_ST3350	1.88218e-05	2.6479e-11	13.379	710821
2970_ERX490319_ST701	6.19002e-05	8.71363e-11	43.9728	710383
3634_ERX589420_ST2305	2.28478e-05	3.21441e-11	16.24	710792
40351_SRX2122562_ST3885	1.21282e-05	1.70611e-11	8.6216	710870
4419_SRX887024_ST2197	1.61483e-05	2.27172e-11	11.4789	710841
9540_ERX552039_ST3784	0.00010103	1.42432e-10	71.6623	709320
2439_ERX359425_ST3120	0.000105219	1.48198e-10	74.704	709987
15094_ERX384792_ST3529	2.14927e-05	3.02373e-11	15.277	710800
4184_SRX1051498_ST3932	4.29285e-05	6.04082e-11	30.5068	710641
15199_ERX385359_ST3423	1.61462e-05	2.27142e-11	11.4774	710841
31746_ERX490376_ST3617	1.88312e-05	2.64922e-11	13.3856	710822
6140_ERX139517_ST1540	2.15024e-05	3.02509e-11	15.2839	710801
7998_ERX385510_ST3437	5.5022e-05	7.74349e-11	39.0963	710558
4167_SRX1051481_ST30	5.28882e-05	7.44537e-11	37.5692	710351
2947_ERX490295_ST136	0.00139894	2.1413e-09	913.948	653314
7803_ERX385143_ST3449	3.75818e-05	5.28812e-11	26.7088	710684
2359_ERX359315_ST3088	2.55202e-05	3.59049e-11	18.139	710772
2934_ERX490281_ST132	3.4891e-05	4.90937e-11	24.7971	710702
14455_ERX204870_ST3311	1.34612e-05	1.89366e-11	9.56906	710860
23706_ERX385171_ST3530	5.82813e-05	8.20516e-11	41.3973	710301
1690_ERX221167_ST133	6.38097e-05	8.98211e-11	45.3311	710410
808_ERX132355_ST3095	5.63519e-05	7.93079e-11	40.0407	710547
31732_ERX490324_ST522	0.00116621	1.76297e-09	771.451	661503
2895_ERX490230_ST3142	0.000710158	1.0448e-09	482.701	679709
12359_ERX1269274_ST913	0.000878949	1.32021e-09	585.173	665765
877_ERX139294_ST1956	0.000171264	2.41417e-10	121.496	709409
1774_ERX267665_ST3366	3.49045e-05	4.91126e-11	24.8068	710704
675_ERX120720_ST130	2.95418e-05	4.15647e-11	20.9966	710742
10731_SRX864956_ST700	3.80859e-05	5.35987e-11	27.0629	710575
2824_ERX490129_ST750	0.000110882	1.56153e-10	78.7358	710086
625_ERX110424_ST2894	1.21225e-05	1.7053e-11	8.61751	710870
3344_ERX552208_ST228	7.77904e-05	1.09504e-10	55.2613	710388
4091_SRX1051402_ST582	0.000114857	1.64549e-10	80.1721	698014
1144_ERX152032_ST3104	9.23763e-05	1.30144e-10	65.5689	709802
636_ERX120678_ST1526	3.49067e-05	4.91156e-11	24.8083	710704
7680_ERX360785_ST2160	0.0010814	1.61523e-09	724.006	669506
4130_SRX1051441_ST182	9.63354e-05	1.35643e-10	68.4186	710212
7856_ERX385293_ST3470	6.02999e-05	8.49122e-11	42.8216	710144
4060_SRX1051368_ST1	2.82143e-05	3.97034e-11	20.0499	710627
2617_ERX455891_ST3105	5.42426e-06	7.62993e-12	3.85621	710919
11771_ERX110631_ST828	2.52777e-05	3.55657e-11	17.9657	710732
5777_ERX1285993_ST730	6.70684e-05	9.44005e-11	47.6499	710467
2774_ERX470719_ST1820	1.61436e-05	2.27106e-11	11.4755	710841
6972_ERX212248_ST3358	2.01559e-05	2.83562e-11	14.327	710810
1431_ERX186635_ST1579	6.04361e-05	8.50764e-11	42.9322	710374
34160_ERX384688_ST1536	6.84147e-05	9.62966e-11	48.6057	710458
23655_ERX385155_ST46	0.00010183	1.43453e-10	72.2833	709845
3549_ERX556785_ST3762	1.07497e-05	1.51217e-11	7.64168	710876
15034_ERX376396_ST1094	0.000614664	9.27394e-10	407.392	662787
1797_ERX267688_ST1764	4.16016e-05	5.85399e-11	29.5643	710654
12337_ERX1269245_ST789	4.96357e-05	6.98511e-11	35.2708	710593
4110_SRX1051421_ST3455	2.01703e-05	2.83764e-11	14.3372	710811
823_ERX132371_ST2024	7.2304e-05	1.01813e-10	51.348	710168
12482_ERX1269772_ST3788	1.49642e-05	2.10561e-11	10.6348	710681
1803_ERX267696_ST707	0.00128394	1.96197e-09	840.226	654414
3633_ERX589419_ST433	9.77401e-05	1.37684e-10	69.3844	709886
4192_SRX1051508_ST1165	4.15949e-05	5.85306e-11	29.5595	710653
1552_ERX209366_ST3136	1.48096e-05	2.08337e-11	10.5274	710851
7826_ERX385260_ST3443	3.35586e-05	4.72182e-11	23.8505	710713
5402_ERX110871_ST3316	2.41875e-05	3.40294e-11	17.1921	710782
12318_ERX1269214_ST2689	9.93064e-05	1.3989e-10	70.4963	709887
27047_ERX376477_ST2443	4.21055e-05	5.9271e-11	29.9113	710389
23092_SRX1051309_ST54	5.34961e-05	7.53168e-11	37.9973	710281
15064_ERX376448_ST2452	4.28722e-05	6.03298e-11	30.4663	710631
7933_ERX385423_ST630	3.75829e-05	5.28828e-11	26.7096	710683
1424_ERX186628_ST1245	2.68707e-05	3.78054e-11	19.0987	710763
1547_ERX209359_ST3116	6.22581e-05	8.7637e-11	44.2287	710409
15043_ERX376407_ST2437	2.70379e-05	3.8048e-11	19.2138	710626
353_ERX100648_ST218	1.212e-05	1.70495e-11	8.61571	710870
1777_ERX267668_ST521	0.000153856	2.16887e-10	109.143	709384
18303_SRX791933_ST3173	7.52067e-05	1.05921e-10	53.3989	710028
4287_SRX477024_ST552	3.08616e-05	4.34224e-11	21.9343	710731
1134_ERX152020_ST138	6.8443e-05	9.63582e-11	48.6148	710297
2704_ERX470605_ST1945	6.70638e-05	9.43941e-11	47.6466	710466
4199_SRX1051516_ST6	2.15012e-05	3.02492e-11	15.2831	710801
1641_ERX212158_ST177	0.00209477	3.26958e-09	1342.08	640684
4237_SRX1051556_ST34	9.65271e-05	1.35955e-10	68.5337	709995
31740_ERX490237_ST419	5.63528e-05	7.93092e-11	40.0413	710547
1131_ERX152013_ST2179	0.000144097	2.031e-10	102.235	709487
15219_ERX385405_ST3435	1.36944e-05	1.92698e-11	9.73219	710669
3703_ERX910050_ST97	9.10811e-05	1.28288e-10	64.6653	709975
2779_ERX470724_ST88	1.07794e-05	1.51635e-11	7.66288	710879
2592_ERX455866_ST3091	2.55196e-05	3.59041e-11	18.1386	710772
9554_ERX552134_ST3778	2.01592e-05	2.83609e-11	14.3294	710811
3441_ERX556673_ST3691	3.89248e-05	5.47716e-11	27.6628	710674
3701_ERX910048_ST152	0.00438987	8.79616e-09	2190.83	499066
23942_ERX1033560_ST126	0.0012678	1.92151e-09	836.488	659795
7804_ERX385144_ST3454	6.29562e-05	8.86484e-11	44.7102	710179
1303_ERX186305_ST3133	3.20541e-05	4.51025e-11	22.7807	710695
3429_ERX556658_ST3760	5.02991e-05	7.08003e-11	35.7343	710437
2955_ERX490303_ST3837	0.000115444	1.62627e-10	81.9505	709871
4179_SRX1051493_ST25	5.01615e-05	7.06153e-11	35.6322	710350
931_ERX147798_ST247	5.77346e-05	8.12696e-11	41.0152	710408
15210_ERX385391_ST81	9.1541e-05	1.2896e-10	64.9796	709841
973_ERX147854_ST2046	2.62039e-05	3.68767e-11	18.6201	710582
3759_ERX926370_ST3881	4.08637e-06	5.74793e-12	2.90512	710929
4141_SRX1051454_ST3468	3.62398e-05	5.09922e-11	25.7554	710693
9525_ERX551557_ST3774	3.48786e-05	4.90765e-11	24.7882	710698
979_ERX1492886_ST1583	1.07852e-05	1.51716e-11	7.66695	710880
375_ERX1027819_ST479	0.00177955	2.73989e-09	1155.82	649499
5564_ERX113350_ST830	2.41801e-05	3.40191e-11	17.1868	710781
7782_ERX385118_ST580	0.000611066	9.10568e-10	410.075	671082
20395_SRX2369545_ST243	6.67822e-05	9.51752e-11	46.8596	701677
5401_ERX110870_ST94	0.000111107	1.56465e-10	78.8981	710108
1837_ERX276022_ST3139	3.0011e-05	4.22352e-11	21.3249	710569
4267_SRX476967_ST3781	1.34767e-05	1.89658e-11	9.57628	710581
20066_ERX212156_ST816	0.00116627	1.76485e-09	770.707	660831
15215_ERX385397_ST3535	4.96419e-05	6.98596e-11	35.2753	710595
2807_ERX470753_ST3118	2.82264e-05	3.97361e-11	20.0505	710346
3098_ERX551171_ST3773	4.08559e-06	5.74684e-12	2.90456	710928
2350_ERX359306_ST2676	8.4892e-05	1.19591e-10	60.2607	709850
7898_ERX385356_ST3427	5.9022e-05	8.30682e-11	41.9367	710525
31710_ERX490131_ST1729	0.000110838	1.56165e-10	78.6673	709750
1677_ERX221148_ST398	1.21243e-05	1.70556e-11	8.61881	710870
1355_ERX186358_ST3093	2.08809e-05	2.93845e-11	14.8382	710610
641_ERX120683_ST1943	1.88205e-05	2.64772e-11	13.378	710821
12080_ERX114014_ST3314	1.21255e-05	1.70572e-11	8.61963	710870
2925_ERX490270_ST2488	9.59953e-05	1.35218e-10	68.1499	709929
17790_SRX2219265_ST101	0.00129176	1.98061e-09	842.489	652203
2630_ERX455904_ST2640	0.000139583	1.96677e-10	99.0638	709710
850_ERX139260_ST3107	4.23736e-05	5.96413e-11	30.1054	710475
841_ERX139249_ST1021	9.1328e-05	1.286e-10	64.8586	710173
15086_ERX384694_ST2047	6.33292e-05	8.91479e-11	44.988	710383
1756_ERX267645_ST2616	0.00138848	2.10587e-09	915.476	659337
23097_SRX1051572_ST508	9.41443e-05	1.32633e-10	66.8248	709812
2834_ERX490145_ST3718	7.29161e-05	1.02664e-10	51.7881	710243
7870_ERX385312_ST1224	2.15072e-05	3.02577e-11	15.2874	710802
1714_ERX221198_ST1859	8.6356e-05	1.21613e-10	61.3202	710086
1765_ERX267656_ST3365	0.000142927	2.01502e-10	101.379	709305
1754_ERX267643_ST1944	4.00777e-05	5.63974e-11	28.4805	710631
314_ERX094751_ST2893	1.74901e-05	2.46052e-11	12.4325	710832
2465_ERX359459_ST2826	0.000107364	1.51253e-10	76.2095	709826
409_ERX1033539_ST1570	3.08899e-05	4.3462e-11	21.9545	710733
3086_ERX551158_ST3798	1.0785e-05	1.51751e-11	7.66492	710702
4087_SRX1051398_ST3931	4.15924e-05	5.8527e-11	29.5577	710653
4123_SRX1051434_ST59	4.72991e-05	6.6574e-11	33.6048	710475
477_ERX104859_ST2371	7.6084e-05	1.07121e-10	54.0396	710262
790_ERX132327_ST2173	1.07885e-05	1.51763e-11	7.66934	710880
2410_ERX359396_ST3126	4.55959e-05	6.41636e-11	32.4013	710619
1716_ERX221200_ST3125	0.000121598	1.71367e-10	86.2836	709578
3427_ERX556656_ST1560	4.02667e-05	5.66743e-11	28.6092	710493
9533_ERX551816_ST3775	1.48096e-05	2.08336e-11	10.5274	710851
7893_ERX385348_ST3451	6.60921e-05	9.30422e-11	46.9483	710346
1562_ERX209383_ST3341	3.08816e-05	4.34503e-11	21.9485	710733
12327_ERX1269230_ST3792	8.2919e-05	1.16867e-10	58.8323	709516
661_ERX120705_ST2273	3.49082e-05	4.91178e-11	24.8094	710704
7790_ERX385128_ST3426	5.46344e-05	7.74798e-11	38.525	705143
31755_ERX186615_ST1580	7.50918e-05	1.05703e-10	53.3454	710403
4084_SRX1051395_ST7	5.76787e-05	8.11764e-11	40.9827	710535
14692_ERX311502_ST3330	2.82025e-05	3.96798e-11	20.045	710752
8015_ERX385528_ST1163	6.30506e-05	8.87416e-11	44.7973	710497
4188_SRX1051504_ST78	5.6097e-05	7.89531e-11	39.8575	710511
1117_ERX151999_ST3098	4.96423e-05	6.98602e-11	35.2756	710595
11801_ERX110677_ST230	4.42709e-05	6.22978e-11	31.4604	710633
7963_ERX385470_ST1535	1.61442e-05	2.27114e-11	11.4759	710841
1757_ERX267646_ST2361	1.34678e-05	1.89458e-11	9.57373	710861
1643_ERX212161_ST3113	1.34647e-05	1.89415e-11	9.57155	710860
3444_ERX556677_ST478	1.74815e-05	2.4593e-11	12.4264	710831
2365_ERX359322_ST3528	8.04528e-05	1.13256e-10	57.1508	710364
7786_ERX385123_ST646	8.08578e-05	1.13853e-10	57.4247	710193
2700_ERX460162_ST2257	6.96328e-05	9.81106e-11	49.4211	709738
4109_SRX1051420_ST50	0.00124979	1.87437e-09	833.335	666778
23699_ERX385133_ST3464	5.74454e-05	8.08524e-11	40.8148	710497
12394_ERX1269476_ST3794	2.53304e-05	3.56395e-11	18.0033	710739
591_ERX110366_ST2905	3.75899e-05	5.28926e-11	26.7146	710684
3324_ERX552179_ST3780	2.82048e-05	3.9683e-11	20.0466	710753
11864_ERX110757_ST2750	0.000284469	4.15541e-10	194.741	684576
1128_ERX152010_ST2573	8.42062e-05	1.18581e-10	59.7962	710117
15220_ERX385407_ST3536	5.35252e-05	7.53299e-11	38.032	710544
31718_ERX490219_ST3800	8.42228e-05	1.18612e-10	59.8039	710069
37312_ERX676585_ST239	7.00691e-05	9.86911e-11	49.748	709984
2618_ERX455892_ST1739	4.8604e-05	6.84097e-11	34.5323	710484
4290_SRX477027_ST45	0.000145429	2.0716e-10	102.092	702010
3603_ERX556844_ST3820	8.75565e-05	1.2329e-10	62.1796	710166
17767_SRX2219190_ST5	0.000117197	1.65157e-10	83.1646	709612
1684_ERX221160_ST1126	7.04307e-05	9.91611e-11	50.0245	710265
14465_ERX204897_ST8	2.16043e-05	3.03995e-11	15.3538	710681
7822_ERX385253_ST3439	3.35531e-05	4.72106e-11	23.8466	710712
7993_ERX385504_ST3448	4.5741e-05	6.43925e-11	32.4919	710346
40636_ERX110351_ST605	2.74767e-05	3.86638e-11	19.5265	710656
7691_ERX376490_ST2445	3.48978e-05	4.91032e-11	24.802	710703
27059_ERX376484_ST2444	5.63459e-05	7.92994e-11	40.0363	710546
4106_SRX1051417_ST12	4.42741e-05	6.23023e-11	31.4627	710634
3694_ERX910041_ST2126	4.86236e-05	6.84381e-11	34.5458	710475
2854_ERX490180_ST481	4.42756e-05	6.23044e-11	31.4638	710634
12495_ERX1285974_ST2533	0.00134524	2.16392e-09	836.293	621669
1914_ERX284138_ST3101	2.6865e-05	3.77974e-11	19.0946	710763
31681_ERX490254_ST2491	9.72946e-05	1.37002e-10	69.0955	710167
1825_ERX276008_ST3122	2.0813e-05	2.92936e-11	14.7875	710496
4402_SRX886997_ST4159	4.05909e-05	5.71267e-11	28.8416	710542
549_ERX105473_ST105	1.48076e-05	2.08308e-11	10.526	710851
849_ERX139259_ST3131	4.02679e-05	5.66623e-11	28.617	710665
905_ERX139326_ST718	0.00117718	1.80316e-09	768.513	652842
1002_ERX1492910_ST1571	4.26165e-05	5.99727e-11	30.2831	710597
3609_ERX556850_ST3765	7.77108e-05	1.09431e-10	55.1853	710138
6006_ERX139358_ST2188	1.61521e-05	2.27225e-11	11.4816	710842
3055_ERX551116_ST3768	2.41819e-05	3.40215e-11	17.188	710782
2414_ERX359400_ST2508	4.56133e-05	6.41877e-11	32.4139	710624
1623_ERX212136_ST3115	5.31113e-05	7.47524e-11	37.7354	710497
7798_ERX385138_ST3441	4.94739e-05	6.96258e-11	35.1546	710569
2431_ERX359417_ST2944	0.00012831	1.80776e-10	91.0713	709775
1715_ERX221199_ST151	6.26424e-05	8.82013e-11	44.49	710221
NODE_381	1.34606e-05	1.89356e-11	9.56857	710860
NODE_382	3.91013e-05	5.50292e-11	27.7837	710556
NODE_383	2.71675e-05	3.82319e-11	19.3052	710599
NODE_384	2.74551e-06	3.86182e-12	1.95189	710938
NODE_385	2.97815e-05	4.19107e-11	21.1626	710595
NODE_386	2.01703e-05	2.83764e-11	14.3373	710812
NODE_387	1.94671e-05	2.73909e-11	13.8355	710713
NODE_389	8.10533e-06	1.14015e-11	5.76207	710899
NODE_390	4.0859e-06	5.74727e-12	2.90478	710928
NODE_391	1.34663e-05	1.89437e-11	9.57268	710860
NODE_392	2.285e-05	3.21472e-11	16.2416	710793
NODE_393	3.42473e-06	4.92885e-12	2.37962	694834
NODE_394	0.00290232	5.10075e-09	1651.42	569000
NODE_395	9.44736e-06	1.32895e-11	6.71603	710890
NODE_396	2.68723e-05	3.78077e-11	19.0999	710763
NODE_397	1.08063e-05	1.5214e-11	7.6755	710282
NODE_398	1.70962e-06	2.47826e-12	1.17937	689846
NODE_399	4.08922e-06	5.75194e-12	2.90714	710929
NODE_400	2.74624e-06	3.86284e-12	1.95241	710938
NODE_401	2.7462e-06	3.86278e-12	1.95238	710938
NODE_402	6.76249e-06	9.51246e-12	4.80751	710909
NODE_404	2.15051e-05	3.02547e-11	15.2858	710802
NODE_405	1.74794e-05	2.45901e-11	12.4249	710830
NODE_406	8.10624e-06	1.14028e-11	5.76272	710899
NODE_408	2.7455e-06	3.8618e-12	1.95188	710938
NODE_409	2.85654e-05	4.02001e-11	20.2981	710581
NODE_410	1.4803e-05	2.08243e-11	10.5227	710850
NODE_411	6.76446e-06	9.51523e-12	4.80891	710909
NODE_413	6.76697e-06	9.51875e-12	4.8107	710909
NODE_414	0.000561131	8.34897e-10	377.134	672096
NODE_415	5.76223e-05	8.10976e-11	40.9425	710531
NODE_418	1.61431e-05	2.27099e-11	11.4752	710840
NODE_419	2.7491e-06	3.86685e-12	1.95444	710939
NODE_427	2.747e-06	3.8639e-12	1.95294	710938
NODE_428	2.74752e-06	3.86464e-12	1.95332	710938
NODE_429	8.76973e-05	1.23502e-10	62.2726	710086
NODE_430	8.03172e-05	1.13068e-10	57.0528	710344
NODE_432	1.2127e-05	1.70594e-11	8.62072	710870
NODE_434	0.00129986	2.01138e-09	840.041	646253
NODE_435	1.21304e-05	1.70641e-11	8.62315	710871
NODE_436	0.000587835	8.70535e-10	396.939	675257
NODE_437	0.000122299	1.75695e-10	85.1311	696089
NODE_438	0.000106109	1.51815e-10	74.1627	698932
NODE_440	4.08829e-06	5.75064e-12	2.90648	710929
NODE_441	1.74796e-05	2.45905e-11	12.4251	710830
NODE_442	0.000951998	1.43697e-09	630.701	662503
NODE_443	0.00168608	2.63915e-09	1077.2	638874
NODE_444	0.00125872	1.90431e-09	831.99	660983
NODE_446	0.000110198	1.55313e-10	78.1874	709519
NODE_447	1.34647e-05	1.89414e-11	9.57151	710860
NODE_448	5.42596e-06	7.63233e-12	3.85742	710919
NODE_449	0.000157566	2.22206e-10	111.729	709098
NODE_450	4.4293e-05	6.23288e-11	31.4762	710635
NODE_451	1.21806e-05	1.71377e-11	8.65734	710747
NODE_452	2.80439e-05	3.94656e-11	19.9277	710590
NODE_454	9.44714e-06	1.32892e-11	6.71587	710890
NODE_455	5.42804e-06	7.63524e-12	3.85889	710919
NODE_456	7.37597e-05	1.03826e-10	52.4	710415
NODE_457	2.82038e-05	3.96815e-11	20.0459	710753
NODE_458	1.74803e-05	2.45913e-11	12.4255	710830
NODE_459	4.15927e-05	5.85275e-11	29.5579	710652
NODE_460	1.74836e-05	2.45961e-11	12.4279	710831
NODE_461	1.52203e-05	2.14176e-11	10.8162	710644
NODE_463	9.44518e-06	1.32864e-11	6.71448	710889
NODE_464	6.76784e-06	9.51998e-12	4.81132	710909
NODE_465	3.12564e-05	4.39853e-11	22.2111	710610
NODE_466	4.08629e-06	5.74783e-12	2.90506	710928
NODE_467	6.7662e-06	9.51768e-12	4.81015	710909
NODE_468	2.95427e-05	4.15659e-11	20.9973	710743
NODE_470	5.42558e-06	7.63178e-12	3.85714	710919
NODE_471	2.56811e-05	3.61383e-11	18.2499	710635
NODE_472	0.000431005	6.16749e-10	301.2	698833
NODE_475	3.33786e-05	4.69938e-11	23.7081	710277
NODE_477	2.41898e-05	3.40326e-11	17.1937	710783
NODE_478	2.8399e-05	3.9964e-11	20.1808	710616
NODE_479	1.07825e-05	1.51678e-11	7.66502	710879
NODE_480	4.31936e-05	6.07928e-11	30.6892	710504
NODE_481	1.74891e-05	2.46038e-11	12.4318	710831
NODE_482	0.00117913	1.79051e-09	776.516	658548
NODE_484	5.42671e-06	7.63338e-12	3.85795	710919
NODE_486	1.21262e-05	1.70583e-11	8.62017	710870
NODE_487	3.22262e-05	4.53428e-11	22.9039	710724
NODE_488	8.2746e-05	1.16531e-10	58.7559	710075
NODE_489	1.76719e-05	2.48666e-11	12.5588	710665
NODE_490	1.34698e-05	1.89485e-11	9.57512	710861
NODE_491	1.34633e-05	1.89395e-11	9.57055	710860
NODE_493	1.21224e-05	1.7053e-11	8.61748	710870
NODE_494	2.15018e-05	3.02501e-11	15.2835	710801
NODE_495	2.94917e-05	4.15032e-11	20.9565	710588
NODE_497	1.21211e-05	1.70512e-11	8.61656	710870
NODE_499	0.00093959	1.41114e-09	625.616	665839
NODE_500	6.76639e-06	9.51794e-12	4.81029	710909
NODE_501	1.8826e-05	2.64848e-11	13.3819	710821
NODE_502	0.00220138	3.40871e-09	1421.67	645810
NODE_503	8.98484e-05	1.27873e-10	63.131	702640
NODE_504	1.74852e-05	2.45982e-11	12.429	710831
NODE_505	8.10801e-06	1.14053e-11	5.76398	710899
NODE_509	4.08691e-06	5.74869e-12	2.9055	710929
NODE_511	4.29246e-05	6.04025e-11	30.504	710642
NODE_514	2.74512e-06	3.86126e-12	1.95161	710938
NODE_515	2.7468e-06	3.86362e-12	1.9528	710938
NODE_517	2.74781e-06	3.86505e-12	1.95353	710938
NODE_519	1.48032e-05	2.08246e-11	10.5228	710850
NODE_520	3.2764e-05	4.69647e-11	22.8572	697631
NODE_521	2.95429e-05	4.15663e-11	20.9974	710743
NODE_522	1.21207e-05	1.70505e-11	8.6162	710869
NODE_523	9.44151e-06	1.32813e-11	6.71186	710889
NODE_524	9.44196e-06	1.32819e-11	6.71218	710889
NODE_525	8.10277e-06	1.13979e-11	5.76025	710899
NODE_526	0.00121311	1.83119e-09	803.651	662472
NODE_528	4.08528e-06	5.7464e-12	2.90434	710928
NODE_529	0.00101173	1.51143e-09	677.239	669387
NODE_530	0.00116049	1.73961e-09	774.163	667100
NODE_531	0.001127	1.70063e-09	746.859	662696
NODE_532	0.000103694	1.4611e-10	73.5912	709698
NODE_533	0.000107898	1.51961e-10	76.6112	710036
NODE_534	9.74267e-05	1.37249e-10	69.1585	709852
NODE_535	0.00084497	1.27305e-09	560.838	663737
NODE_536	0.00140762	2.13467e-09	928.191	659407
NODE_537	4.08876e-06	5.75129e-12	2.90682	710929
NODE_538	0.00116155	1.74479e-09	773.276	665726
NODE_539	0.000893819	1.32598e-09	602.505	674080
NODE_540	0.00015712	2.27396e-10	108.562	690953
NODE_541	0.000183813	2.62764e-10	128.584	699537
NODE_542	0.00041601	6.02979e-10	287.016	689925
NODE_543	0.000309865	4.47667e-10	214.481	692177
NODE_544	0.000263651	3.77166e-10	184.3	699031
NODE_545	0.000229178	3.26383e-10	160.923	702176
NODE_546	0.000426555	6.18852e-10	294.011	689269
NODE_547	0.000261452	3.74277e-10	182.638	698552
NODE_548	0.000747709	1.09988e-09	508.298	679808
NODE_549	0.000236595	3.36789e-10	166.208	702502
NODE_550	0.000124967	1.76951e-10	88.2552	706225
NODE_551	0.000188446	2.66486e-10	133.26	707153
NODE_552	0.000277695	3.96355e-10	194.56	700624
NODE_553	0.000139513	1.9756e-10	98.5208	706179
NODE_554	0.000306527	4.4054e-10	213.281	695799
NODE_555	0.000164755	2.3422e-10	115.892	703422
NODE_556	9.65596e-05	1.36601e-10	68.2557	706876
NODE_559	1.48108e-05	2.08354e-11	10.5283	710851
NODE_560	2.74459e-06	3.86052e-12	1.95123	710938
NODE_562	8.11149e-06	1.14102e-11	5.76646	710900
NODE_563	6.77195e-06	9.52575e-12	4.81424	710910
NODE_564	5.4271e-06	7.63393e-12	3.85823	710919
NODE_565	5.42592e-06	7.63226e-12	3.85738	710919
NODE_566	2.74701e-06	3.86392e-12	1.95295	710938
NODE_568	2.74684e-06	3.86368e-12	1.95283	710938
NODE_570	2.7481e-06	3.86545e-12	1.95373	710938
NODE_571	2.74468e-06	3.86065e-12	1.9513	710938
NODE_578	2.47476e-05	3.4824e-11	17.5868	710648
NODE_579	1.62762e-05	2.29021e-11	11.5672	710684
NODE_580	2.74715e-06	3.86412e-12	1.95305	710938
NODE_581	1.61418e-05	2.27081e-11	11.4743	710840
NODE_582	1.47521e-05	2.07531e-11	10.4864	710839
NODE_583	2.747e-06	3.86391e-12	1.95295	710938
NODE_585	2.7475e-06	3.86461e-12	1.9533	710938
NODE_586	0.00146478	2.24837e-09	954.287	651486
NODE_587	0.000102156	1.44465e-10	72.2378	707132
NODE_588	0.000291241	4.16505e-10	203.65	699250
NODE_589	0.000116123	1.63895e-10	82.2752	708520
NODE_590	0.000325839	4.76328e-10	222.895	684064
NODE_591	0.000349942	4.9841e-10	245.7	702116
NODE_592	0.000528046	7.56732e-10	368.47	697799
NODE_593	0.000126364	1.7841e-10	89.5008	708277
NODE_594	0.000283588	4.03673e-10	199.227	702520
NODE_595	0.000544128	7.81599e-10	378.808	696173
NODE_596	0.000307866	4.41439e-10	214.71	697414
NODE_597	0.000375489	5.36126e-10	262.982	700374
NODE_598	8.88078e-05	1.33875e-10	58.9119	663364
NODE_599	0.000925405	1.37395e-09	623.295	673538
NODE_600	0.000644852	9.67802e-10	429.668	666305
NODE_601	1.74831e-05	2.45953e-11	12.4275	710831
NODE_602	8.10402e-06	1.13997e-11	5.76114	710899
NODE_605	4.03872e-05	6.01925e-11	27.0985	670967
NODE_606	7.75611e-05	1.09206e-10	55.0861	710229
NODE_607	4.36547e-05	6.14442e-11	31.0158	710478
NODE_608	2.28495e-05	3.21466e-11	16.2413	710792
NODE_609	0.00117453	1.79826e-09	767.143	653148
NODE_610	2.74617e-06	3.86274e-12	1.95236	710938
NODE_611	4.08445e-06	5.74523e-12	2.90375	710928
NODE_612	5.42309e-06	7.62828e-12	3.85537	710918
NODE_613	0.000104873	1.47697e-10	74.4657	710054
NODE_614	2.68698e-05	3.78041e-11	19.098	710763
NODE_615	7.44989e-05	1.06395e-10	52.1651	700212
NODE_616	7.96173e-06	1.12e-11	5.65975	710870
NODE_617	2.74723e-06	3.86423e-12	1.95311	710938
NODE_618	2.74644e-06	3.86312e-12	1.95255	710938
NODE_621	7.1853e-05	1.02193e-10	50.5208	703113
NODE_623	2.74746e-06	3.86455e-12	1.95327	710938
NODE_627	2.74358e-06	3.85909e-12	1.95051	710938
NODE_628	8.10762e-06	1.14047e-11	5.7637	710899
NODE_631	4.08358e-06	5.74402e-12	2.90313	710928
NODE_634	2.74789e-06	3.86516e-12	1.95358	710938
NODE_635	2.74581e-06	3.86224e-12	1.9521	710938
NODE_636	3.02572e-05	4.25768e-11	21.5022	710649
NODE_637	2.74819e-06	3.86558e-12	1.95379	710938
NODE_638	0.000903649	1.36038e-09	600.259	664261
NODE_639	2.68624e-05	3.77938e-11	19.0928	710762
NODE_640	5.42454e-06	7.63032e-12	3.8564	710919
NODE_643	2.74567e-06	3.86203e-12	1.952	710938
NODE_647	5.94598e-05	8.47656e-11	41.7088	701462
NODE_648	2.55241e-05	3.59104e-11	18.1419	710772
NODE_649	3.47357e-05	4.88771e-11	24.6859	710676
NODE_650	3.35704e-05	4.72347e-11	23.8589	710714
NODE_651	1.07869e-05	1.5174e-11	7.6682	710880
NODE_652	2.41802e-05	3.40192e-11	17.1868	710781
NODE_653	2.82108e-05	3.96914e-11	20.0509	710753
NODE_654	0.000206548	2.98717e-10	142.818	691452
NODE_655	1.46929e-05	2.06748e-11	10.4417	710667
NODE_656	2.04545e-05	2.8782e-11	14.5364	710669
NODE_657	6.76504e-06	9.51604e-12	4.80933	710909
NODE_658	1.67525e-05	2.35739e-11	11.9049	710637
NODE_659	5.42421e-06	7.62986e-12	3.85617	710919
NODE_660	4.08579e-06	5.74712e-12	2.90471	710929
NODE_662	2.74588e-06	3.86233e-12	1.95215	710938
NODE_663	1.34654e-05	1.89424e-11	9.57203	710860
NODE_664	8.10492e-06	1.14009e-11	5.76178	710899
NODE_665	3.62419e-05	5.09952e-11	25.7569	710694
NODE_666	2.74713e-06	3.86409e-12	1.95304	710938
NODE_667	1.07853e-05	1.51718e-11	7.66707	710880
NODE_668	9.48835e-06	1.33495e-11	6.744	710766
NODE_669	6.76391e-06	9.51446e-12	4.80853	710909
NODE_670	1.40692e-06	1.97939e-12	1.00001	710783
NODE_671	1.76118e-05	2.50761e-11	12.3694	702335
NODE_672	5.54355e-05	7.80465e-11	39.3752	710288
NODE_673	0.000854119	1.27877e-09	570.487	667924
NODE_674	1.21154e-05	1.70432e-11	8.61246	710867
NODE_675	2.74539e-06	3.86165e-12	1.95181	710938
NODE_676	8.10636e-06	1.1403e-11	5.76281	710899
NODE_677	8.10685e-06	1.14037e-11	5.76316	710899
NODE_678	4.09246e-05	5.86389e-11	28.5617	697909
NODE_679	0.000635724	9.43661e-10	428.274	673679
NODE_680	0.000715222	1.06513e-09	480.263	671488
NODE_683	2.74755e-06	3.86467e-12	1.95334	710938
NODE_684	0.00103848	1.5662e-09	688.567	663055
NODE_685	3.25798e-05	4.62009e-11	22.9745	705177
NODE_686	0.00080649	1.20581e-09	539.41	668837
NODE_687	4.56182e-05	6.41945e-11	32.4174	710624
NODE_688	0.00114006	1.71605e-09	757.395	664349
NODE_689	0.000738979	1.09992e-09	496.484	671851
NODE_690	4.82295e-05	6.78724e-11	34.2715	710591
NODE_691	0.00083652	1.24913e-09	560.202	669681
NODE_692	0.000535361	7.96176e-10	359.984	672415
NODE_693	7.86234e-05	1.10721e-10	55.8308	710104
NODE_694	0.000912241	1.36532e-09	609.517	668154
NODE_695	0.000370014	5.40513e-10	253.297	684560
NODE_696	1.07854e-05	1.51719e-11	7.66714	710880
NODE_697	0.00101689	1.52535e-09	677.922	666662
NODE_698	0.000529186	7.79104e-10	359.436	679224
NODE_699	0.000430108	6.216e-10	297.607	691936
NODE_700	0.000357381	5.19832e-10	245.698	687494
NODE_701	0.000412334	6.00035e-10	283.349	687184
NODE_702	0.00104787	1.57474e-09	697.285	665428
NODE_703	4.0856e-06	5.74686e-12	2.90457	710928
NODE_704	2.02806e-05	2.85368e-11	14.413	710682
NODE_709	4.08743e-06	5.74942e-12	2.90587	710929
NODE_710	2.01672e-05	2.83721e-11	14.3351	710812
NODE_711	8.10586e-06	1.14023e-11	5.76245	710899
NODE_712	0.000248626	3.58204e-10	172.569	694091
NODE_713	2.745e-06	3.8611e-12	1.95153	710938
NODE_714	4.08551e-06	5.74673e-12	2.90451	710928
NODE_715	2.36345e-05	3.32598e-11	16.7947	710602
NODE_716	4.08817e-06	5.75046e-12	2.9064	710929
NODE_718	4.08432e-06	5.74506e-12	2.90366	710928
NODE_720	1.74757e-05	2.4585e-11	12.4222	710829
NODE_721	6.76412e-06	9.51475e-12	4.80867	710909
NODE_722	1.00994e-05	1.42113e-11	7.17722	710658
NODE_723	2.74819e-06	3.86558e-12	1.95379	710938
NODE_724	2.74592e-06	3.86239e-12	1.95218	710938
NODE_727	2.74717e-06	3.86415e-12	1.95307	710938
NODE_728	4.08599e-06	5.74741e-12	2.90485	710928
NODE_729	4.08652e-06	5.74814e-12	2.90522	710929
NODE_731	1.2126e-05	1.7058e-11	8.62003	710870
NODE_732	4.08329e-06	5.74361e-12	2.90293	710928
NODE_733	0.000942942	1.41944e-09	626.4	664304
NODE_734	0.000218653	3.13314e-10	152.591	697871
NODE_735	0.000186785	2.67198e-10	130.572	699050
NODE_736	0.000448221	6.46005e-10	310.992	693836
NODE_737	0.000226718	3.23413e-10	158.933	701016
NODE_738	0.000257511	3.68375e-10	180.012	699046
NODE_739	0.000261095	3.74355e-10	182.101	697452
NODE_740	5.5835e-05	7.89439e-11	39.4906	707274
NODE_741	6.22662e-05	8.8103e-11	44.0062	706743
NODE_742	0.00027622	3.98338e-10	191.54	693432
NODE_743	0.000271486	3.90653e-10	188.67	694954
NODE_744	0.000122197	1.73702e-10	85.9636	703484
NODE_745	6.88863e-05	9.75737e-11	48.6333	705993
NODE_746	0.000260191	3.73764e-10	181.129	696139
NODE_747	0.000159432	2.26164e-10	112.39	704940
NODE_748	0.000102723	1.45425e-10	72.56	706364
NODE_749	0.000175938	2.49758e-10	123.937	704434
NODE_750	3.38532e-05	4.77505e-11	24.0006	708961
NODE_751	0.000105196	1.48825e-10	74.3577	706847
NODE_752	0.000126595	1.79428e-10	89.3185	705547
NODE_753	0.000133725	1.89704e-10	94.2643	704912
NODE_754	0.000204163	2.90467e-10	143.502	702879
NODE_755	0.000185667	2.66331e-10	129.434	697131
NODE_756	0.000106522	1.51855e-10	74.7225	701474
NODE_757	0.00109095	1.63412e-09	728.323	667607
