Parameter	Posterior Mean	Posterior Variance	a_post	b_post
R/theta	0.26632	3.37721e-06	21001.4	78857.8
1/delta	0.00398937	7.57681e-10	21005	5.26523e+06
nu	0.0118312	2.24747e-09	62282.6	5.26425e+06
3528|ERX556762|ST779	5.75555e-05	8.10378e-11	40.8777	710231
4484|SRX887117|ST752	1.61317e-05	2.26939e-11	11.467	710836
2972|ERX490321|ST712	9.57873e-05	1.34892e-10	68.019	710104
28339|ERX139321|ST49	7.942e-05	1.11821e-10	56.4077	710245
17786|SRX2219221|ST901	7.58301e-05	1.06766e-10	53.8578	710243
12242|ERX1269074|ST3786	6.01085e-05	8.46042e-11	42.7051	710467
1340|ERX186342|ST3124	4.15748e-05	5.85031e-11	29.5448	710643
4279|SRX477010|ST3869	7.5732e-05	1.06673e-10	53.7657	709947
2838|ERX490159|ST2150	0.000108172	1.52462e-10	76.7474	709497
1707|ERX221189|ST1247	2.01506e-05	2.83489e-11	14.3231	710806
596|ERX110374|ST2274	8.1001e-06	1.13942e-11	5.75834	710897
2615|ERX455889|ST1743	6.76182e-06	9.51154e-12	4.80703	710907
2965|ERX490314|ST3058	0.00010353	1.46694e-10	73.0661	705752
1974|ERX328680|ST3129	6.13329e-05	8.63421e-11	43.5676	710347
5779|ERX1285998|ST509	0.00170804	2.71053e-09	1076.32	630150
2662|ERX455939|ST2011	0.000107428	1.51345e-10	76.2541	709819
5382|ERX110848|ST3315	7.92565e-05	1.11595e-10	56.2892	710215
1522|ERX209321|ST3130	3.06624e-05	4.31522e-11	21.7875	710562
21788|ERX284165|ST599	4.11957e-05	5.79742e-11	29.2731	710587
1710|ERX221193|ST352	0.00017073	2.40782e-10	121.059	709065
589|ERX110364|ST9	0.000137459	1.93673e-10	97.5614	709748
2550|ERX360772|ST772	0.00107092	1.60555e-09	714.313	667011
1395|ERX186596|ST1582	1.74043e-05	2.44851e-11	12.3712	710812
17986|SRX456475|ST93	0.0022226	3.76281e-09	1312.84	590676
1781|ERX267672|ST890	0.00126813	1.92988e-09	833.295	657105
7815|ERX385233|ST3469	6.10586e-05	8.59974e-11	43.3519	710006
4127|SRX1051438|ST3351	4.02532e-05	5.66545e-11	28.6	710503
1708|ERX221191|ST3134	3.4898e-05	4.9104e-11	24.8019	710696
4019|SRX1051322|ST125	4.6496e-05	6.54374e-11	33.0373	710542
3509|ERX556743|ST3811	2.28306e-05	3.21202e-11	16.2277	710786
10730|SRX864954|ST10	0.00243414	3.93443e-09	1505.95	618677
7864|ERX385303|ST3442	3.75637e-05	5.28565e-11	26.6955	710673
7955|ERX385461|ST2255	3.62225e-05	5.09685e-11	25.7427	710684
3260|ERX552100|ST1649	3.57012e-05	5.0247e-11	25.3662	710514
4101|SRX1051412|ST15	3.5981e-05	5.06406e-11	25.5652	710518
3024|ERX490383|ST3615	1.3912e-05	1.95768e-11	9.88635	710636
522|ERX105445|ST2916	1.48002e-05	2.08205e-11	10.5207	710847
3017|ERX490372|ST3616	9.24764e-05	1.30202e-10	65.6815	710252
12225|ERX1269028|ST3785	6.762e-06	9.51179e-12	4.80716	710907
440|ERX1033578|ST146	6.95579e-05	9.79552e-11	49.393	710099
4055|SRX1051363|ST3436	2.01516e-05	2.83504e-11	14.3239	710806
12289|ERX1269140|ST3791	9.44173e-06	1.32816e-11	6.71201	710887
3566|ERX556803|ST3763	9.72789e-05	1.36985e-10	69.0819	710143
15194|ERX385344|ST3453	2.81902e-05	3.96628e-11	20.036	710746
6283|ERX152041|ST3087	3.88967e-05	5.4733e-11	27.6425	710663
22903|ERX197834|ST2898	5.49832e-05	7.73821e-11	39.0678	710542
2897|ERX490232|ST1218	4.79479e-05	6.75034e-11	34.0576	710304
1183|ERX152080|ST3112	8.66828e-05	1.22049e-10	61.5649	710232
408|ERX1033538|ST3649	3.35104e-05	4.71514e-11	23.8158	710698
2640|ERX455914|ST2675	0.000113853	1.60377e-10	80.8256	709911
23100|SRX1051502|ST361	0.00093615	1.40148e-09	625.321	667971
30262|ERX221156|ST1073	0.0012515	1.98801e-09	787.852	629525
4169|SRX1051483|ST123	2.28307e-05	3.21204e-11	16.2277	710786
30271|ERX221179|ST1074	2.0141e-05	2.83356e-11	14.3163	710803
1897|ERX284121|ST3102	5.22902e-05	7.35901e-11	37.1554	710561
14448|ERX204858|ST3310	1.88182e-05	2.6474e-11	13.3763	710817
2951|ERX490299|ST3721	0.000104878	1.47725e-10	74.4579	709951
17757|SRX2219177|ST26	5.49725e-05	7.73672e-11	39.0602	710540
1512|ERX209308|ST3114	5.36166e-05	7.54579e-11	38.0972	710549
4228|SRX1051547|ST3458	6.08045e-05	8.55975e-11	43.1927	710354
1706|ERX221188|ST3127	4.96147e-05	6.98226e-11	35.2553	710582
3905|ERX979780|ST611	8.44592e-05	1.18904e-10	59.9927	710316
15208|ERX385388|ST333	3.88827e-05	5.47136e-11	27.6324	710660
3704|ERX910051|ST1290	0.000946152	1.43848e-09	622.327	657745
2430|ERX359416|ST3138	6.203e-05	8.73227e-11	44.0632	710354
12284|ERX1269132|ST3790	2.01471e-05	2.83441e-11	14.3207	710806
3724|ERX926274|ST3894	4.08858e-06	5.75105e-12	2.90669	710928
981|ERX1492888|ST1581	4.08173e-06	5.74142e-12	2.90182	710927
4242|SRX1051561|ST3452	5.75585e-05	8.1011e-11	40.8955	710503
2713|ERX470614|ST2490	0.000140909	1.98638e-10	99.9573	709376
1663|ERX221133|ST71	6.83684e-05	9.62342e-11	48.5715	710438
6782|ERX197833|ST2934	5.76448e-05	8.11305e-11	40.9577	710519
4278|SRX477009|ST72	5.18502e-05	7.29899e-11	36.8331	710375
2698|ERX460160|ST3092	8.29388e-05	1.16794e-10	58.8972	710129
990|ERX1492898|ST2460	0.00140094	2.1547e-09	910.868	650181
1291|ERX186293|ST3132	0.000181573	2.56247e-10	128.66	708586
831|ERX139238|ST3123	8.07792e-05	1.13776e-10	57.3519	709984
4183|SRX1051497|ST946	8.76906e-05	1.23473e-10	62.2779	710200
624|ERX110422|ST229	1.21236e-05	1.70547e-11	8.61829	710867
23940|ERX1033551|ST2766	0.000131192	1.84931e-10	93.069	709411
435|ERX1033572|ST3061	4.05048e-05	5.70097e-11	28.7783	710491
756|ERX132283|ST2014	3.10825e-05	4.37423e-11	22.0867	710583
3074|ERX551145|ST3772	2.01587e-05	2.83602e-11	14.3289	710807
15046|ERX376412|ST2417	5.65852e-05	7.96536e-11	40.1977	710391
12063|ERX113973|ST232	4.02374e-05	5.66204e-11	28.5948	710653
29940|SRX2147155|ST923	4.17446e-05	5.87522e-11	29.6604	710520
6775|ERX197772|ST3141	4.55681e-05	6.41391e-11	32.3742	710457
7808|ERX385188|ST3456	2.55105e-05	3.58916e-11	18.132	710766
2785|ERX470730|ST121	0.000199107	2.80873e-10	141.143	708884
39625|ERX460155|ST2767	0.00148747	2.28444e-09	968.533	651129
3229|ERX552062|ST1016	4.29134e-05	6.03876e-11	30.4956	710632
8018|ERX385531|ST3074	4.05649e-05	5.70914e-11	28.8224	710526
2800|ERX470745|ST1797	5.89745e-05	8.30033e-11	41.9018	710508
1488|ERX197824|ST2899	2.68462e-05	3.77715e-11	19.0811	710755
2378|ERX359340|ST3090	6.0603e-05	8.5313e-11	43.05	710361
982|ERX1492889|ST692	0.000119422	1.69179e-10	84.299	705890
4050|SRX1051358|ST1693	2.1489e-05	3.02323e-11	15.2743	710796
4120|SRX1051431|ST188	6.19429e-05	8.71983e-11	44.0023	710368
14479|ERX212185|ST3349	8.77327e-05	1.23557e-10	62.2956	710061
12260|ERX1269101|ST3806	8.10289e-06	1.13981e-11	5.76032	710897
883|ERX139300|ST3106	9.91572e-05	1.3962e-10	70.421	710195
341|ERX094780|ST22	6.76427e-06	9.51497e-12	4.80877	710908
4277|SRX477008|ST1564	7.11418e-05	1.00163e-10	50.5293	710261
839|ERX139247|ST3097	9.10773e-05	1.28232e-10	64.6878	710252
3089|ERX551161|ST3805	2.28191e-05	3.21042e-11	16.2194	710783
37980|ERX152017|ST446	4.94045e-05	6.953e-11	35.1043	710549
260|ERX067791|ST1352	6.0142e-05	8.46642e-11	42.7224	710359
23982|ERX1033583|ST2682	8.68962e-05	1.22385e-10	61.6982	710022
4034|SRX1051339|ST1534	4.82119e-05	6.78751e-11	34.2451	710304
1324|ERX186326|ST3111	3.38201e-05	4.75956e-11	24.0316	710571
6076|ERX139448|ST219	1.74688e-05	2.45754e-11	12.4173	710826
2958|ERX490306|ST3044	3.09457e-05	4.35603e-11	21.9842	710411
1162|ERX152056|ST3109	5.89881e-05	8.30222e-11	41.9116	710510
18301|SRX791926|ST3170	7.92551e-05	1.11672e-10	56.2485	709715
23709|ERX385162|ST3559	4.5603e-05	6.41741e-11	32.4061	710613
34641|SRX866194|ST425	7.53969e-05	1.06184e-10	53.5363	710060
12194|ERX1268913|ST737	6.67536e-05	9.39962e-11	47.4066	710174
621|ERX110417|ST149	7.4902e-05	1.05534e-10	53.161	709741
6210|ERX139609|ST2391	1.61335e-05	2.26965e-11	11.4683	710836
7945|ERX385448|ST3459	6.83696e-05	9.62357e-11	48.5724	710438
418|ERX1033553|ST2328	0.00116717	1.75659e-09	775.526	664452
1809|ERX275992|ST3094	5.89907e-05	8.30259e-11	41.9135	710510
6920|ERX209541|ST3348	2.39667e-05	3.37208e-11	17.0341	710740
7936|ERX385430|ST3430	6.73385e-05	9.48232e-11	47.8203	710148
23668|ERX385214|ST3532	5.3529e-05	7.53365e-11	38.0341	710532
433|ERX1033570|ST2377	1.82751e-05	2.57172e-11	12.9866	710617
17804|SRX2219480|ST338	8.32943e-05	1.17282e-10	59.1562	710207
40654|ERX110372|ST20	7.11169e-05	1.00128e-10	50.5117	710263
6005|ERX139357|ST2161	1.21212e-05	1.70513e-11	8.61659	710867
7814|ERX385218|ST3457	3.99504e-05	5.622e-11	28.3891	710609
614|ERX110407|ST36	1.68298e-05	2.36873e-11	11.9575	710497
4000|SRX1051301|ST250	1.21189e-05	1.70481e-11	8.61496	710867
11786|ERX110650|ST2440	1.88211e-05	2.64781e-11	13.3783	710817
3630|ERX589416|ST3692	0.000189218	2.66995e-10	134.099	708698
12322|ERX1269223|ST2626	5.21098e-05	7.33544e-11	37.018	710384
679|ERX120724|ST227	2.38895e-05	3.3625e-11	16.9728	710469
12404|ERX1269490|ST3795	9.44186e-06	1.32818e-11	6.7121	710887
27072|ERX376432|ST2438	6.34885e-05	8.93783e-11	45.0981	710335
19688|ERX359456|ST3140	0.000106582	1.50181e-10	75.6398	709690
4234|SRX1051553|ST1153	0.00126516	1.92835e-09	830.053	656085
12101|ERX116909|ST3359	1.21222e-05	1.70527e-11	8.61727	710867
2626|ERX455900|ST2639	0.000272762	3.86811e-10	192.34	705156
27031|ERX376440|ST2439	4.86583e-05	6.84905e-11	34.5688	710439
599|ERX110382|ST1207	9.99074e-05	1.43918e-10	69.3556	694199
4052|SRX1051360|ST3467	3.08715e-05	4.34366e-11	21.9411	710725
3032|ERX490399|ST3137	0.000116091	1.63552e-10	82.4019	709807
1182|ERX152079|ST3110	6.32469e-05	8.90356e-11	44.9277	710355
7879|ERX385327|ST95	0.000103044	1.45193e-10	73.1311	709705
1372|ERX186568|ST1586	1.34559e-05	1.89291e-11	9.56518	710856
2598|ERX455872|ST3119	2.95324e-05	4.15519e-11	20.9898	710736
6861|ERX209423|ST3346	2.01569e-05	2.83577e-11	14.3276	710806
20075|ERX212124|ST3096	2.01555e-05	2.83558e-11	14.3267	710806
40373|SRX2122523|ST225	1.47997e-05	2.08198e-11	10.5203	710847
6855|ERX209409|ST3344	1.61328e-05	2.26955e-11	11.4678	710836
2352|ERX359308|ST3716	4.69384e-05	6.60543e-11	33.3545	710603
2761|ERX470705|ST2430	9.12789e-05	1.28595e-10	64.7912	709816
1752|ERX267641|ST1958	9.43332e-05	1.32876e-10	66.9704	709934
4204|SRX1051522|ST39	5.49879e-05	7.73885e-11	39.0712	710543
7111|ERX276099|ST216	2.14909e-05	3.0235e-11	15.2757	710796
2458|ERX359449|ST3117	7.30921e-05	1.02903e-10	51.9175	710303
7930|ERX385418|ST1532	3.08748e-05	4.34413e-11	21.9435	710726
3322|ERX552176|ST80	0.000964142	1.45684e-09	638.074	661805
4283|SRX477016|ST3812	3.53137e-05	4.97007e-11	25.0914	710528
600|ERX110385|ST2031	2.14935e-05	3.02386e-11	15.2775	710796
870|ERX139284|ST1957	5.7044e-05	8.03168e-11	40.5148	710238
1583|ERX212094|ST1709	2.47896e-05	3.4882e-11	17.6172	710669
39019|ERX209354|ST3103	4.29246e-05	6.04033e-11	30.5037	710634
1799|ERX267690|ST254	6.58369e-05	9.27063e-11	46.7552	710167
4094|SRX1051405|ST291	4.29063e-05	6.03778e-11	30.4906	710631
14614|ERX276156|ST3317	1.4802e-05	2.08231e-11	10.522	710847
31743|ERX490292|ST3720	8.82652e-05	1.24273e-10	62.6903	710250
8017|ERX385530|ST3446	3.10929e-05	4.37574e-11	22.0938	710573
3090|ERX551162|ST3767	6.70309e-05	9.435e-11	47.622	710449
1338|ERX186340|ST3108	4.41051e-05	6.20678e-11	31.341	710596
5771|ERX1285972|ST2569	0.0012149	1.95749e-09	754.019	620642
4501|SRX887142|ST1232	4.1527e-05	5.84365e-11	29.5104	710634
23955|ERX1033561|ST2849	5.82025e-05	8.1947e-11	41.3381	710246
20348|SRX476963|ST109	5.32664e-05	7.50076e-11	37.827	710147
14494|ERX212212|ST3350	1.88114e-05	2.64645e-11	13.3714	710816
2970|ERX490319|ST701	6.18277e-05	8.7037e-11	43.92	710361
3634|ERX589420|ST2305	2.28349e-05	3.21263e-11	16.2307	710786
40351|SRX2122562|ST3885	1.21218e-05	1.70521e-11	8.61698	710867
4419|SRX887024|ST2197	1.61394e-05	2.27048e-11	11.4725	710837
9540|ERX552039|ST3784	0.000100865	1.42211e-10	71.5397	709262
2439|ERX359425|ST3120	0.000105096	1.48033e-10	74.6124	709949
15094|ERX384792|ST3529	2.14806e-05	3.02205e-11	15.2683	710795
4184|SRX1051498|ST3932	4.29003e-05	6.03695e-11	30.4862	710629
15199|ERX385359|ST3423	1.61373e-05	2.27018e-11	11.471	710837
31746|ERX490376|ST3617	1.88207e-05	2.64776e-11	13.3781	710817
6140|ERX139517|ST1540	2.14901e-05	3.02339e-11	15.2751	710796
7998|ERX385510|ST3437	5.49898e-05	7.73912e-11	39.0726	710543
4167|SRX1051481|ST30	5.27893e-05	7.4317e-11	37.4976	710326
2947|ERX490295|ST136	0.00138281	2.12266e-09	900.837	651453
7803|ERX385143|ST3449	3.756e-05	5.28513e-11	26.6929	710674
2359|ERX359315|ST3088	2.55056e-05	3.58847e-11	18.1285	710765
2934|ERX490281|ST132	3.48708e-05	4.9066e-11	24.7825	710693
14455|ERX204870|ST3311	1.34539e-05	1.89264e-11	9.56382	710856
23706|ERX385171|ST3530	5.81994e-05	8.19393e-11	41.3376	710275
1690|ERX221167|ST133	6.37237e-05	8.9703e-11	45.2683	710385
808|ERX132355|ST3095	5.63188e-05	7.92629e-11	40.0163	710531
31732|ERX490324|ST522	0.00115176	1.74565e-09	759.919	659788
2895|ERX490230|ST3142	0.000667979	9.84852e-10	453.059	678253
12359|ERX1269274|ST913	0.000867926	1.30659e-09	576.536	664268
877|ERX139294|ST1956	0.000171071	2.41168e-10	121.348	709344
1774|ERX267665|ST3366	3.48844e-05	4.90849e-11	24.7921	710694
675|ERX120720|ST130	2.95247e-05	4.15411e-11	20.9842	710735
10731|SRX864956|ST700	3.80183e-05	5.35049e-11	27.0142	710558
2824|ERX490129|ST750	0.000110788	1.56028e-10	78.6648	710051
625|ERX110424|ST2894	1.2116e-05	1.7044e-11	8.61285	710867
3344|ERX552208|ST228	7.77442e-05	1.09442e-10	55.2269	710366
4091|SRX1051402|ST582	0.000116319	1.6627e-10	81.3745	699580
1144|ERX152032|ST3104	9.22193e-05	1.29931e-10	65.4533	709757
636|ERX120678|ST1526	3.48865e-05	4.90879e-11	24.7937	710695
7680|ERX360785|ST2160	0.00106736	1.59565e-09	713.984	668922
4130|SRX1051441|ST182	9.62515e-05	1.35531e-10	68.3559	710180
7856|ERX385293|ST3470	6.02579e-05	8.48561e-11	42.7903	710119
4060|SRX1051368|ST1	2.81984e-05	3.96816e-11	20.0382	710616
2617|ERX455891|ST3105	5.42182e-06	7.62651e-12	3.85446	710917
11771|ERX110631|ST828	2.52331e-05	3.55036e-11	17.9337	710720
5777|ERX1285993|ST730	6.70289e-05	9.43473e-11	47.6206	710448
2774|ERX470719|ST1820	1.61347e-05	2.26982e-11	11.4692	710836
6972|ERX212248|ST3358	2.01445e-05	2.83404e-11	14.3188	710805
1431|ERX186635|ST1579	6.03453e-05	8.49515e-11	42.8662	710350
34160|ERX384688|ST1536	6.83742e-05	9.62422e-11	48.5757	710439
23655|ERX385155|ST46	0.000101699	1.43278e-10	72.1861	709801
3549|ERX556785|ST3762	1.07417e-05	1.51105e-11	7.63597	710873
15034|ERX376396|ST1094	0.000608255	9.19678e-10	402.287	661378
1797|ERX267688|ST1764	4.15773e-05	5.85066e-11	29.5466	710643
12337|ERX1269245|ST789	4.96045e-05	6.98085e-11	35.2479	710579
4110|SRX1051421|ST3455	2.01578e-05	2.83591e-11	14.3283	710806
823|ERX132371|ST2024	7.22493e-05	1.01739e-10	51.3073	710142
12482|ERX1269772|ST3788	1.49542e-05	2.10422e-11	10.6275	710674
1803|ERX267696|ST707	0.00126794	1.94396e-09	827.011	652248
3633|ERX589419|ST433	9.75945e-05	1.37487e-10	69.2769	709844
4192|SRX1051508|ST1165	4.15694e-05	5.84957e-11	29.5409	710641
1552|ERX209366|ST3136	1.48016e-05	2.08225e-11	10.5217	710847
7826|ERX385260|ST3443	3.35392e-05	4.71916e-11	23.8365	710704
5402|ERX110871|ST3316	2.41737e-05	3.40103e-11	17.1821	710776
12318|ERX1269214|ST2689	9.92483e-05	1.39816e-10	70.4514	709850
27047|ERX376477|ST2443	4.20813e-05	5.92385e-11	29.8934	710372
23092|SRX1051309|ST54	5.34226e-05	7.52159e-11	37.9437	710256
15064|ERX376448|ST2452	4.28355e-05	6.02793e-11	30.4396	710617
7933|ERX385423|ST630	3.75599e-05	5.28512e-11	26.6928	710673
1424|ERX186628|ST1245	2.68554e-05	3.77843e-11	19.0876	710756
1547|ERX209359|ST3116	6.21835e-05	8.75347e-11	44.1743	710386
15043|ERX376407|ST2437	2.70228e-05	3.80273e-11	19.2028	710615
353|ERX100648|ST218	1.21135e-05	1.70405e-11	8.61109	710866
1777|ERX267668|ST521	0.000153607	2.16556e-10	108.956	709316
18303|SRX791933|ST3173	7.5142e-05	1.05834e-10	53.3506	709996
4287|SRX477024|ST552	3.0842e-05	4.33952e-11	21.9201	710722
1134|ERX152020|ST138	6.83776e-05	9.62697e-11	48.5667	710272
2704|ERX470605|ST1945	6.70243e-05	9.43409e-11	47.6173	710448
4199|SRX1051516|ST6	2.14891e-05	3.02325e-11	15.2744	710796
1641|ERX212158|ST177	0.00192542	2.99145e-09	1239.28	643641
4237|SRX1051556|ST34	9.64553e-05	1.3586e-10	68.4795	709961
31740|ERX490237|ST419	5.63198e-05	7.92643e-11	40.0169	710531
1131|ERX152013|ST2179	0.000142556	2.00943e-10	101.135	709438
15219|ERX385405|ST3435	1.3682e-05	1.92525e-11	9.72327	710662
3703|ERX910050|ST97	9.09743e-05	1.28144e-10	64.5862	709939
2779|ERX470724|ST88	1.07737e-05	1.51556e-11	7.65879	710876
2592|ERX455866|ST3091	2.55051e-05	3.5884e-11	18.1281	710765
9554|ERX552134|ST3778	2.01478e-05	2.8345e-11	14.3212	710805
3441|ERX556673|ST3691	3.89021e-05	5.47405e-11	27.6463	710664
3701|ERX910048|ST152	0.00434702	8.83358e-09	2139.17	492101
23942|ERX1033560|ST126	0.00126838	1.9291e-09	833.952	657496
7804|ERX385144|ST3454	6.28748e-05	8.85371e-11	44.6506	710151
1303|ERX186305|ST3133	3.20129e-05	4.50453e-11	22.751	710682
3429|ERX556658|ST3760	5.02591e-05	7.07457e-11	35.7051	710420
2955|ERX490303|ST3837	0.000115374	1.62536e-10	81.8966	709836
4179|SRX1051493|ST25	5.01351e-05	7.058e-11	35.6125	710330
931|ERX147798|ST247	5.76683e-05	8.11786e-11	40.9669	710388
15210|ERX385391|ST81	9.14272e-05	1.28807e-10	64.8953	709802
973|ERX147854|ST2046	2.61687e-05	3.68277e-11	18.5947	710571
3759|ERX926370|ST3881	4.08474e-06	5.74565e-12	2.90396	710928
4141|SRX1051454|ST3468	3.62188e-05	5.09633e-11	25.7401	710683
9525|ERX551557|ST3774	3.48541e-05	4.90428e-11	24.7704	710688
979|ERX1492886|ST1583	1.07795e-05	1.51636e-11	7.66288	710877
375|ERX1027819|ST479	0.00175613	2.70843e-09	1138.66	648394
5564|ERX113350|ST830	2.41663e-05	3.39999e-11	17.1768	710775
7782|ERX385118|ST580	0.000605205	9.03454e-10	405.415	669880
20395|SRX2369545|ST243	6.66138e-05	9.49466e-11	46.7358	701593
5401|ERX110870|ST94	0.00011102	1.5635e-10	78.8325	710074
1837|ERX276022|ST3139	2.99848e-05	4.21989e-11	21.3059	710557
4267|SRX476967|ST3781	1.34695e-05	1.89559e-11	9.57104	710571
20066|ERX212156|ST816	0.00114917	1.74497e-09	756.801	658562
15215|ERX385397|ST3535	4.96129e-05	6.98201e-11	35.254	710582
2807|ERX470753|ST3118	2.82105e-05	3.97143e-11	20.0389	710336
3098|ERX551171|ST3773	4.08399e-06	5.74459e-12	2.90342	710928
2350|ERX359306|ST2676	8.47685e-05	1.19424e-10	60.1697	709812
7898|ERX385356|ST3427	5.89873e-05	8.30211e-11	41.911	710509
31710|ERX490131|ST1729	0.000110653	1.55916e-10	78.5303	709698
1677|ERX221148|ST398	1.21178e-05	1.70466e-11	8.61417	710867
1355|ERX186358|ST3093	2.08441e-05	2.9333e-11	14.8118	710600
641|ERX120683|ST1943	1.881e-05	2.64625e-11	13.3704	710816
12080|ERX114014|ST3314	1.2119e-05	1.70482e-11	8.61502	710867
2925|ERX490270|ST2488	9.58283e-05	1.34991e-10	68.0272	709886
17790|SRX2219265|ST101	0.00126468	1.94071e-09	824.144	651661
2630|ERX455904|ST2640	0.000139455	1.96509e-10	98.9662	709664
850|ERX139260|ST3107	4.2319e-05	5.95659e-11	30.0659	710457
841|ERX139249|ST1021	9.12445e-05	1.28487e-10	64.7966	710143
15086|ERX384694|ST2047	6.32945e-05	8.91016e-11	44.9621	710363
1756|ERX267645|ST2616	0.00139305	2.12244e-09	914.323	656345
23097|SRX1051572|ST508	9.39855e-05	1.32418e-10	66.7077	709766
2834|ERX490145|ST3718	7.28371e-05	1.02556e-10	51.7301	710216
7870|ERX385312|ST1224	2.14951e-05	3.02409e-11	15.2787	710796
1714|ERX221198|ST1859	8.62772e-05	1.21508e-10	61.2616	710055
1765|ERX267656|ST3365	0.000142698	2.01199e-10	101.207	709238
1754|ERX267643|ST1944	4.00275e-05	5.63279e-11	28.4442	710616
314|ERX094751|ST2893	1.74805e-05	2.45918e-11	12.4256	710827
2465|ERX359459|ST2826	0.000107248	1.511e-10	76.1227	709783
409|ERX1033539|ST1570	3.0872e-05	4.34373e-11	21.9415	710725
3086|ERX551158|ST3798	1.07792e-05	1.5167e-11	7.66071	710696
4087|SRX1051398|ST3931	4.1568e-05	5.84936e-11	29.54	710642
4123|SRX1051434|ST59	4.72706e-05	6.65354e-11	33.5839	710459
477|ERX104859|ST2371	7.60209e-05	1.07036e-10	53.9929	710238
790|ERX132327|ST2173	1.07829e-05	1.51684e-11	7.66529	710877
2410|ERX359396|ST3126	4.55648e-05	6.4121e-11	32.3786	710606
1716|ERX221200|ST3125	0.000121406	1.71108e-10	86.1401	709524
3427|ERX556656|ST1560	4.02429e-05	5.6642e-11	28.5918	710479
9533|ERX551816|ST3775	1.48015e-05	2.08223e-11	10.5216	710847
7893|ERX385348|ST3451	6.60508e-05	9.29869e-11	46.9175	710324
1562|ERX209383|ST3341	3.08637e-05	4.34257e-11	21.9356	710724
12327|ERX1269230|ST3792	8.26788e-05	1.16537e-10	58.6576	709464
661|ERX120705|ST2273	3.48879e-05	4.90898e-11	24.7946	710695
7790|ERX385128|ST3426	5.4485e-05	7.72772e-11	38.4152	705059
31755|ERX186615|ST1580	7.5043e-05	1.05638e-10	53.3092	710382
4084|SRX1051395|ST7	5.7644e-05	8.11294e-11	40.9572	710519
14692|ERX311502|ST3330	2.81851e-05	3.96557e-11	20.0324	710744
8015|ERX385528|ST1163	6.30134e-05	8.86914e-11	44.7697	710480
4188|SRX1051504|ST78	5.60391e-05	7.88737e-11	39.8153	710491
1117|ERX151999|ST3098	4.96135e-05	6.98209e-11	35.2544	710582
11801|ERX110677|ST230	4.4245e-05	6.22624e-11	31.4414	710621
7963|ERX385470|ST1535	1.61353e-05	2.2699e-11	11.4696	710837
1757|ERX267646|ST2361	1.34606e-05	1.89357e-11	9.56854	710857
1643|ERX212161|ST3113	1.34574e-05	1.89313e-11	9.5663	710857
3444|ERX556677|ST478	1.74718e-05	2.45795e-11	12.4194	710826
2365|ERX359322|ST3528	8.04022e-05	1.13188e-10	57.1129	710341
7786|ERX385123|ST646	8.07801e-05	1.13748e-10	57.3671	710164
2700|ERX460162|ST2257	6.94824e-05	9.79045e-11	49.3113	709695
4109|SRX1051420|ST50	0.00123662	1.86119e-09	821.645	664426
23699|ERX385133|ST3464	5.73825e-05	8.07662e-11	40.769	710477
12394|ERX1269476|ST3794	2.52903e-05	3.55837e-11	17.9745	710728
591|ERX110366|ST2905	3.75681e-05	5.28626e-11	26.6987	710674
3324|ERX552179|ST3780	2.81886e-05	3.96606e-11	20.0349	710745
11864|ERX110757|ST2750	0.000278138	4.06987e-10	190.082	683407
1128|ERX152010|ST2573	8.40934e-05	1.18428e-10	59.7131	710081
15220|ERX385407|ST3536	5.34769e-05	7.52637e-11	37.9967	710526
31718|ERX490219|ST3800	8.41477e-05	1.18512e-10	59.7479	710036
37312|ERX676585|ST239	6.99884e-05	9.85813e-11	49.6888	709957
2618|ERX455892|ST1739	4.85329e-05	6.83116e-11	34.4809	710465
4290|SRX477027|ST45	0.000145127	2.06871e-10	101.812	701536
3603|ERX556844|ST3820	8.7484e-05	1.23194e-10	62.1255	710135
17767|SRX2219190|ST5	0.000117008	1.64902e-10	83.0237	709558
1684|ERX221160|ST1126	7.03482e-05	9.90486e-11	49.964	710239
14465|ERX204897|ST8	2.15934e-05	3.03844e-11	15.3458	710672
7822|ERX385253|ST3439	3.35336e-05	4.71837e-11	23.8324	710703
7993|ERX385504|ST3448	4.57104e-05	6.43509e-11	32.4694	710330
40636|ERX110351|ST605	2.74111e-05	3.85723e-11	19.4794	710642
7691|ERX376490|ST2445	3.48776e-05	4.90754e-11	24.7873	710693
27059|ERX376484|ST2444	5.63122e-05	7.92537e-11	40.0115	710530
4106|SRX1051417|ST12	4.42483e-05	6.2267e-11	31.4438	710622
3694|ERX910041|ST2126	4.85954e-05	6.84001e-11	34.5251	710459
2854|ERX490180|ST481	4.42499e-05	6.22693e-11	31.445	710622
12495|ERX1285974|ST2533	0.00134887	2.17877e-09	835.083	619098
1914|ERX284138|ST3101	2.68496e-05	3.77762e-11	19.0835	710755
31681|ERX490254|ST2491	9.71989e-05	1.36874e-10	69.0243	710135
1825|ERX276008|ST3122	2.07858e-05	2.92558e-11	14.7679	710483
4402|SRX886997|ST4159	4.05235e-05	5.70331e-11	28.7929	710525
549|ERX105473|ST105	1.47995e-05	2.08195e-11	10.5202	710847
849|ERX139259|ST3131	4.02445e-05	5.66303e-11	28.5999	710654
905|ERX139326|ST718	0.00116386	1.78805e-09	757.561	650906
1002|ERX1492910|ST1571	4.25599e-05	5.98945e-11	30.2422	710581
3609|ERX556850|ST3765	7.75998e-05	1.09279e-10	55.1041	710106
6006|ERX139358|ST2188	1.61432e-05	2.27102e-11	11.4752	710837
3055|ERX551116|ST3768	2.41681e-05	3.40024e-11	17.1781	710775
2414|ERX359400|ST2508	4.55868e-05	6.41515e-11	32.3945	710612
1623|ERX212136|ST3115	5.30427e-05	7.46579e-11	37.6856	710477
7798|ERX385138|ST3441	4.94245e-05	6.95579e-11	35.1186	710552
2431|ERX359417|ST2944	0.00012809	1.80481e-10	90.9079	709717
1715|ERX221199|ST151	6.25816e-05	8.8119e-11	44.4451	710194
NODE_381	3.90803e-05	5.50006e-11	27.7682	710542
NODE_382	1.34532e-05	1.89254e-11	9.56331	710856
NODE_383	2.71483e-05	3.82053e-11	19.2912	710589
NODE_384	2.7447e-06	3.86067e-12	1.95131	710938
NODE_385	2.97634e-05	4.18859e-11	21.1494	710584
NODE_386	2.01589e-05	2.83606e-11	14.3291	710807
NODE_387	1.94014e-05	2.7299e-11	13.7886	710699
NODE_389	8.10128e-06	1.13959e-11	5.75918	710897
NODE_390	4.08426e-06	5.74498e-12	2.90361	710928
NODE_391	1.3459e-05	1.89335e-11	9.56742	710857
NODE_392	2.28372e-05	3.21294e-11	16.2324	710787
NODE_393	3.27933e-06	4.72095e-12	2.27794	694634
NODE_394	0.00287463	5.09626e-09	1621.48	564067
NODE_395	9.44252e-06	1.32827e-11	6.71257	710887
NODE_396	2.68569e-05	3.77864e-11	19.0887	710756
NODE_397	1.08005e-05	1.52062e-11	7.67133	710273
NODE_398	1.65186e-06	2.39509e-12	1.13927	689688
NODE_399	4.0876e-06	5.74968e-12	2.90599	710928
NODE_400	2.74544e-06	3.86172e-12	1.95184	710938
NODE_401	2.7454e-06	3.86166e-12	1.95181	710938
NODE_402	6.75924e-06	9.50791e-12	4.80519	710907
NODE_404	2.14928e-05	3.02377e-11	15.277	710796
NODE_405	1.74697e-05	2.45766e-11	12.4179	710826
NODE_406	8.1022e-06	1.13972e-11	5.75984	710897
NODE_408	2.74466e-06	3.86062e-12	1.95128	710938
NODE_409	2.85436e-05	4.017e-11	20.2822	710570
NODE_410	1.47948e-05	2.0813e-11	10.5169	710846
NODE_411	6.7612e-06	9.51066e-12	4.80659	710907
NODE_413	6.76373e-06	9.51422e-12	4.80839	710908
NODE_414	0.000556186	8.28868e-10	373.211	671019
NODE_415	5.75856e-05	8.10477e-11	40.9154	710515
NODE_418	2.74832e-06	3.86577e-12	1.95389	710938
NODE_419	1.61342e-05	2.26975e-11	11.4688	710836
NODE_427	2.74619e-06	3.86277e-12	1.95237	710938
NODE_428	2.74672e-06	3.86351e-12	1.95274	710938
NODE_429	8.7612e-05	1.23388e-10	62.2092	710053
NODE_430	8.02527e-05	1.12981e-10	57.005	710319
NODE_432	1.21205e-05	1.70504e-11	8.6161	710867
NODE_433	1.21239e-05	1.70551e-11	8.61852	710868
NODE_435	0.00128516	1.99662e-09	827.219	643669
NODE_436	0.000580931	8.62255e-10	391.394	673735
NODE_437	0.00012124	1.74261e-10	84.3511	695738
NODE_438	0.000105061	1.50385e-10	73.3976	698617
NODE_439	0.00167299	2.6303e-09	1064.1	636047
NODE_441	4.08669e-06	5.74838e-12	2.90534	710928
NODE_442	1.74699e-05	2.45769e-11	12.4181	710826
NODE_443	0.000948972	1.43605e-09	627.102	660823
NODE_444	0.00125088	1.89898e-09	823.963	658708
NODE_445	4.1566e-05	5.84909e-11	29.5385	710640
NODE_446	4.31629e-05	6.0751e-11	30.6667	710488
NODE_447	7.37148e-05	1.03766e-10	52.3666	710395
NODE_448	0.00226204	3.5205e-09	1453.44	642534
NODE_449	3.32883e-05	4.68681e-11	23.6431	710255
NODE_450	0.00135415	2.07048e-09	885.645	654024
NODE_451	1.34561e-05	1.89293e-11	9.56532	710857
NODE_452	1.34625e-05	1.89384e-11	9.56994	710857
NODE_453	1.76603e-05	2.48506e-11	12.5504	710658
NODE_454	8.26234e-05	1.16364e-10	58.666	710041
NODE_457	0.000938395	1.41343e-09	623.015	663915
NODE_458	6.76315e-06	9.5134e-12	4.80797	710907
NODE_459	1.88155e-05	2.64702e-11	13.3743	710816
NODE_460	8.10394e-06	1.13996e-11	5.76107	710898
NODE_463	4.08529e-06	5.74642e-12	2.90435	710928
NODE_466	2.74431e-06	3.86013e-12	1.95103	710938
NODE_467	2.746e-06	3.8625e-12	1.95223	710938
NODE_469	2.74701e-06	3.86393e-12	1.95295	710938
NODE_471	1.4795e-05	2.08132e-11	10.517	710846
NODE_472	2.95259e-05	4.15428e-11	20.9851	710735
NODE_473	1.21141e-05	1.70413e-11	8.61148	710866
NODE_474	9.43659e-06	1.32744e-11	6.70834	710887
NODE_475	9.43703e-06	1.3275e-11	6.70866	710887
NODE_476	8.09868e-06	1.13922e-11	5.75733	710897
NODE_478	4.08366e-06	5.74413e-12	2.90319	710928
NODE_479	0.00100535	1.50464e-09	671.747	668169
NODE_480	1.34574e-05	1.89312e-11	9.56628	710857
NODE_482	0.000110005	1.55054e-10	78.0449	709466
NODE_483	5.42354e-06	7.62892e-12	3.85569	710918
NODE_484	0.000157304	2.2186e-10	111.532	709023
NODE_485	4.42668e-05	6.22928e-11	31.457	710623
NODE_486	2.9433e-05	4.14214e-11	20.9143	710574
NODE_488	4.28993e-05	6.03679e-11	30.4855	710630
NODE_489	1.21746e-05	1.71295e-11	8.65302	710741
NODE_491	9.44231e-06	1.32824e-11	6.71242	710887
NODE_492	5.42562e-06	7.63185e-12	3.85717	710918
NODE_493	2.81876e-05	3.96592e-11	20.0342	710745
NODE_494	1.74705e-05	2.45777e-11	12.4185	710826
NODE_495	1.74738e-05	2.45824e-11	12.4209	710826
NODE_496	0.000103515	1.45868e-10	73.4595	709649
NODE_497	0.000107824	1.51865e-10	76.5554	710001
NODE_498	1.51987e-05	2.13874e-11	10.8008	710637
NODE_499	6.76456e-06	9.51539e-12	4.80898	710908
NODE_500	9.72765e-05	1.37046e-10	69.0479	709811
NODE_501	3.11888e-05	4.38911e-11	22.1626	710595
NODE_502	4.08467e-06	5.74555e-12	2.9039	710928
NODE_503	0.0012059	1.82915e-09	795.008	659266
NODE_504	2.79887e-05	3.93886e-11	19.8881	710577
NODE_505	2.95257e-05	4.15425e-11	20.985	710735
NODE_507	5.42313e-06	7.62835e-12	3.85539	710917
NODE_511	2.41761e-05	3.40136e-11	17.1838	710776
NODE_512	2.8383e-05	3.9942e-11	20.1691	710606
NODE_513	1.07767e-05	1.51597e-11	7.66089	710877
NODE_514	2.70157e-05	3.80173e-11	19.1977	710615
NODE_515	1.74794e-05	2.45903e-11	12.4248	710827
NODE_518	9.44031e-06	1.32796e-11	6.711	710887
NODE_519	5.42427e-06	7.62996e-12	3.85621	710918
NODE_520	2.14896e-05	3.02332e-11	15.2747	710796
NODE_522	1.21198e-05	1.70493e-11	8.61553	710867
NODE_523	3.22077e-05	4.53173e-11	22.8905	710715
NODE_524	6.76296e-06	9.51314e-12	4.80784	710907
NODE_525	0.000447756	6.41344e-10	312.602	698152
NODE_527	1.21159e-05	1.70439e-11	8.6128	710867
NODE_528	8.77634e-05	1.25164e-10	61.5386	701187
NODE_529	0.00113123	1.72464e-09	742.004	655924
NODE_530	1.21146e-05	1.70421e-11	8.61189	710866
NODE_531	0.0011271	1.68769e-09	752.72	667837
NODE_532	1.74756e-05	2.45849e-11	12.4221	710827
NODE_533	0.000840246	1.2692e-09	556.264	662026
NODE_535	3.76309e-05	5.38484e-11	26.2976	698830
NODE_536	4.08719e-06	5.74909e-12	2.90569	710928
NODE_537	0.00113855	1.71639e-09	755.242	663338
NODE_538	0.00118269	1.78717e-09	782.662	661766
NODE_539	0.000871908	1.29471e-09	587.177	673439
NODE_540	0.000145724	2.11106e-10	100.592	690289
NODE_541	0.000409949	5.94435e-10	282.719	689644
NODE_542	0.000297375	4.30616e-10	205.361	690580
NODE_543	0.000168411	2.41103e-10	117.635	698501
NODE_544	0.000265302	3.79837e-10	185.303	698462
NODE_545	0.000225437	3.21187e-10	158.231	701887
NODE_546	0.000422909	6.14375e-10	291.113	688357
NODE_547	0.000298039	4.28522e-10	207.287	695505
NODE_548	0.000129505	1.83432e-10	91.4321	706011
NODE_549	0.000183814	2.59985e-10	129.96	707017
NODE_550	0.000258758	3.70006e-10	180.958	699334
NODE_551	0.000786665	1.16112e-09	532.968	677503
NODE_552	0.000263826	3.78782e-10	183.758	696511
NODE_553	0.000271537	3.86597e-10	190.721	702376
NODE_554	0.000141828	2.0133e-10	99.9118	704457
NODE_555	6.27039e-05	8.85401e-11	44.4067	708197
NODE_558	1.48028e-05	2.08241e-11	10.5225	710847
NODE_559	2.74376e-06	3.85936e-12	1.95064	710937
NODE_561	8.10746e-06	1.14045e-11	5.76358	710898
NODE_562	6.76873e-06	9.52125e-12	4.81195	710908
NODE_563	5.42346e-06	7.62882e-12	3.85563	710917
NODE_564	5.42466e-06	7.6305e-12	3.85649	710918
NODE_565	2.7462e-06	3.86278e-12	1.95237	710938
NODE_567	2.74386e-06	3.85949e-12	1.95071	710937
NODE_569	2.74733e-06	3.86437e-12	1.95318	710938
NODE_573	2.74603e-06	3.86255e-12	1.95226	710938
NODE_577	2.46379e-05	3.46709e-11	17.5083	710624
NODE_578	1.62666e-05	2.28889e-11	11.5603	710677
NODE_579	2.74632e-06	3.86296e-12	1.95247	710938
NODE_580	1.61329e-05	2.26957e-11	11.4679	710836
NODE_581	1.47341e-05	2.07279e-11	10.4735	710834
NODE_582	2.74618e-06	3.86276e-12	1.95237	710938
NODE_584	2.74669e-06	3.86347e-12	1.95272	710938
NODE_585	0.0014503	2.23018e-09	943.144	650308
NODE_586	0.00015253	2.1615e-10	107.635	705667
NODE_587	0.000107227	1.51714e-10	75.785	706772
NODE_588	0.000298862	4.27463e-10	208.951	699154
NODE_589	0.00012195	1.72296e-10	86.3152	707792
NODE_590	0.000250384	3.56145e-10	176.029	703038
NODE_591	0.000328144	4.80242e-10	224.217	683288
NODE_592	0.000532747	7.65218e-10	370.9	696203
NODE_593	0.0001037	1.46434e-10	73.4378	708173
NODE_594	0.000288496	4.10256e-10	202.874	703211
NODE_595	0.000513404	7.36759e-10	357.761	696841
NODE_596	0.000312887	4.48771e-10	218.148	697209
NODE_597	0.000368772	5.27015e-10	258.043	699737
NODE_598	0.000939811	1.39846e-09	631.584	672033
NODE_599	0.000614753	9.26276e-10	408.001	663683
NODE_600	8.83832e-05	1.33262e-10	58.6182	663227
NODE_601	0.00119205	1.82851e-09	777.124	651923
NODE_602	1.74734e-05	2.45818e-11	12.4206	710826
NODE_603	8.09999e-06	1.1394e-11	5.75826	710897
NODE_606	3.58155e-05	5.35385e-11	23.9594	668967
NODE_607	1.40692e-06	1.97941e-12	1.00001	710779
NODE_608	0.000848939	1.27791e-09	563.967	664320
NODE_609	7.7465e-05	1.09075e-10	55.0156	710200
NODE_610	4.36148e-05	6.13893e-11	30.9867	710463
NODE_614	0.00112218	1.69846e-09	741.435	660707
NODE_615	2.28366e-05	3.21287e-11	16.232	710786
NODE_616	4.55915e-05	6.41581e-11	32.3979	710612
NODE_617	2.74536e-06	3.86161e-12	1.95178	710938
NODE_618	4.08282e-06	5.74295e-12	2.90259	710927
NODE_619	5.42063e-06	7.62484e-12	3.85362	710917
NODE_620	0.000104795	1.47595e-10	74.4064	710019
NODE_621	0.00111605	1.68549e-09	738.994	662151
NODE_622	1.07798e-05	1.5164e-11	7.66309	710877
NODE_623	0.000961699	1.45284e-09	636.593	661946
NODE_624	0.000201536	2.9152e-10	139.327	691328
NODE_625	5.42176e-06	7.62643e-12	3.85442	710917
NODE_626	3.6221e-05	5.09664e-11	25.7417	710684
NODE_627	9.48393e-06	1.33433e-11	6.74081	710761
NODE_628	6.47134e-05	9.17524e-11	45.6427	705305
NODE_629	5.53279e-05	7.78983e-11	39.2971	710259
NODE_630	1.21062e-05	1.70303e-11	8.60587	710864
NODE_631	0.000630592	9.38672e-10	423.627	671792
NODE_632	2.74457e-06	3.8605e-12	1.95122	710938
NODE_633	8.10236e-06	1.13974e-11	5.75995	710897
NODE_634	8.10283e-06	1.1398e-11	5.76028	710897
NODE_635	4.97226e-05	7.10032e-11	34.82	700286
NODE_636	2.68544e-05	3.77829e-11	19.0869	710756
NODE_637	7.85134e-05	1.10571e-10	55.7501	710071
NODE_638	4.81901e-05	6.78184e-11	34.2427	710576
NODE_639	7.9322e-06	1.11585e-11	5.6387	710863
NODE_640	2.74643e-06	3.86311e-12	1.95254	710938
NODE_641	2.74565e-06	3.86202e-12	1.95199	710938
NODE_645	2.74665e-06	3.86342e-12	1.9527	710938
NODE_649	2.74274e-06	3.85792e-12	1.94992	710937
NODE_650	7.21616e-05	1.03105e-10	50.505	699887
NODE_653	4.0819e-06	5.74166e-12	2.90194	710927
NODE_656	2.74709e-06	3.86403e-12	1.95301	710938
NODE_657	2.745e-06	3.8611e-12	1.95153	710938
NODE_658	3.01933e-05	4.24879e-11	21.4564	710634
NODE_659	2.74738e-06	3.86444e-12	1.95322	710938
NODE_660	2.68471e-05	3.77726e-11	19.0817	710755
NODE_661	5.4221e-06	7.62691e-12	3.85467	710917
NODE_662	2.55096e-05	3.58903e-11	18.1313	710766
NODE_663	3.46941e-05	4.88193e-11	24.6558	710663
NODE_664	3.35511e-05	4.72081e-11	23.8449	710705
NODE_665	1.07808e-05	1.51655e-11	7.6638	710877
NODE_666	2.41663e-05	3.4e-11	17.1768	710775
NODE_667	0.000542336	8.09159e-10	363.499	670247
NODE_668	2.81943e-05	3.96687e-11	20.039	710746
NODE_669	1.46312e-05	2.05883e-11	10.3977	710655
NODE_670	2.0387e-05	2.86877e-11	14.4882	710655
NODE_671	6.76175e-06	9.51144e-12	4.80698	710907
NODE_672	0.000706291	1.05424e-09	473.183	669955
NODE_673	1.67216e-05	2.35307e-11	11.8828	710628
NODE_674	4.08422e-06	5.74491e-12	2.90358	710928
NODE_676	2.74509e-06	3.86122e-12	1.95159	710938
NODE_677	1.34581e-05	1.89322e-11	9.56679	710857
NODE_678	8.10088e-06	1.13953e-11	5.75889	710897
NODE_679	2.74628e-06	3.8629e-12	1.95243	710938
NODE_680	1.07797e-05	1.51639e-11	7.66303	710877
NODE_681	0.000865293	1.29855e-09	576.592	666354
NODE_682	6.76068e-06	9.50993e-12	4.80622	710907
NODE_683	1.85785e-05	2.64666e-11	13.0413	701960
NODE_684	9.44239e-06	1.32825e-11	6.71248	710887
NODE_685	0.000833535	1.2499e-09	555.87	666883
NODE_686	0.000826623	1.23626e-09	552.721	668649
NODE_687	3.78239e-05	5.36284e-11	26.677	705296
NODE_692	2.74486e-06	3.8609e-12	1.95142	710938
NODE_694	6.22272e-05	8.88902e-11	43.5619	700046
NODE_695	0.000775484	1.15149e-09	522.259	673463
NODE_696	0.00054831	8.07919e-10	372.121	678670
NODE_697	0.000365229	5.3454e-10	249.546	683259
NODE_698	0.000937049	1.41355e-09	621.172	662903
NODE_699	0.000446221	6.45622e-10	308.404	691148
NODE_700	0.000369585	5.37054e-10	254.338	688172
NODE_701	0.000380282	5.53469e-10	261.287	687088
NODE_702	4.08398e-06	5.74457e-12	2.90341	710928
NODE_703	2.02698e-05	2.8522e-11	14.4052	710673
NODE_708	4.08578e-06	5.74711e-12	2.9047	710928
NODE_709	2.01559e-05	2.83564e-11	14.3269	710806
NODE_710	0.000481227	6.95811e-10	332.819	691605
NODE_711	8.10176e-06	1.13965e-11	5.75952	710897
NODE_712	2.74417e-06	3.85994e-12	1.95094	710938
NODE_713	4.08654e-06	5.74817e-12	2.90523	710928
NODE_714	4.08387e-06	5.74442e-12	2.90333	710927
NODE_716	2.41707e-05	3.40061e-11	17.1799	710776
NODE_717	4.08268e-06	5.74275e-12	2.90249	710927
NODE_719	1.88055e-05	2.64563e-11	13.3672	710814
NODE_720	0.000273136	3.94862e-10	188.935	691725
NODE_721	6.76086e-06	9.51019e-12	4.80635	710907
NODE_722	1.00628e-05	1.416e-11	7.15111	710649
NODE_724	2.74511e-06	3.86125e-12	1.9516	710938
NODE_725	2.74738e-06	3.86444e-12	1.95322	710938
NODE_727	2.74635e-06	3.863e-12	1.95249	710938
NODE_728	4.0849e-06	5.74587e-12	2.90407	710928
NODE_729	4.08435e-06	5.7451e-12	2.90368	710928
NODE_731	1.21196e-05	1.70491e-11	8.61544	710867
NODE_732	4.08163e-06	5.74128e-12	2.90174	710927
NODE_733	0.00106385	1.61561e-09	700.528	658483
NODE_734	0.000224831	3.21938e-10	157.014	698367
NODE_735	0.000230005	3.30891e-10	159.878	695107
NODE_736	0.00019672	2.82953e-10	136.767	695238
NODE_737	0.000196393	2.81877e-10	136.834	696735
NODE_738	0.000256109	3.68908e-10	177.8	694235
NODE_739	0.000193596	2.78704e-10	134.478	694632
NODE_740	0.00024963	3.58011e-10	174.059	697269
NODE_741	8.95899e-05	1.27084e-10	63.158	704968
NODE_742	0.00100009	1.51295e-09	661.082	661021
NODE_743	3.86145e-05	5.44462e-11	27.3863	709223
NODE_744	9.32913e-05	1.32636e-10	65.6177	703364
NODE_745	7.98365e-05	1.12981e-10	56.4155	706637
NODE_746	0.00011262	1.59531e-10	79.5032	705944
NODE_747	0.000110243	1.56118e-10	77.8484	706152
NODE_748	0.000100083	1.41885e-10	70.5971	705383
NODE_749	0.000116539	1.65153e-10	82.2346	705640
NODE_750	0.000102321	1.45073e-10	72.1673	705306
NODE_751	0.000140691	1.99805e-10	99.0664	704142
NODE_752	0.000154534	2.18933e-10	109.078	705852
NODE_753	0.000200229	2.86638e-10	139.868	698541
NODE_754	7.40966e-05	1.04881e-10	52.3479	706482
NODE_755	0.000146079	2.08355e-10	102.417	701107
NODE_756	0.000226411	3.25807e-10	157.339	694925
NODE_757	0.000912922	1.37084e-09	607.967	665957
